-4627 3573 -626 1942 101
1275 2179 1864 -3611
-3224 2151 1347 467
-339 3250 87 2555
-4782 2555 -2217 -116
3723 1988 4148 -871
-2548 -2751 -2546 -3409
2419 778 1840 -3083
-573 -821 -4714 -2259
2561 1219 4351 -2046
-2691 -3575 644 -2341
-4928 1614 -4646 1256
-2117 -2523 1585 -1554
3326 -4676 -255 -3403
328 -3983 -1777 -3428
-3083 -3388 -742 -4992
-2692 -4418 -3724 -1976
665 4650 2738 1684
-4505 4590 -521 4728
433 -2623 633 -3184
-1821 3564 -4631 2737
3122 -2210 3593 -2911
736 -1534 -3277 1881
-215 4966 2054 2411
-25 -4588 -29 -4757
4731 -1710 3310 -3242
-3062 -569 -4351 585
-751 4490 -4984 3471
3588 1325 3196 2237
2647 -1744 3206 -2361
-3476 1840 -3577 1887
-2680 1729 -1797 1018
1083 -2632 1567 -3138
-4207 3468 -1713 4118
274 3589 783 1630
-283 -1509 -826 -1615
-3011 -1496 -2776 -1196
4872 -4991 4430 -2864
-4715 4577 -3725 4706
-4541 -2198 -3634 -852
2443 437 3251 -2329
681 -3785 -457 -3559
-2567 2160 -827 2493
206 3845 1922 2504
936 1083 819 2158
4931 468 4762 -3526
1475 2409 4168 -1902
797 -4600 -1778 -3478
160 -2399 -2691 -2585
2487 3902 4424 1089
-663 1634 -1426 1728
3620 3775 3686 3355
-3271 -2415 -312 -697
4812 -1280 4655 3225
1890 4379 2963 1785
-4929 957 -2449 -1170
-3762 -3228 -4847 -4693
4172 -4958 359 -4965
-1958 2713 -636 4255
1293 93 1251 -1228
1404 -4268 -1514 -3474
1579 3361 2267 2372
-1766 -520 -3619 2391
3965 348 1230 4191
-468 4180 -177 1598
-4886 -3758 -4878 470
758 -3716 -86 -2979
603 -1204 -960 602
2586 -3911 2862 -4247
-3633 3899 -2453 4282
4760 -4889 1986 -4164
-488 -3960 4507 -4918
3282 -2715 1867 -2942
4568 3184 4295 4388
-4627 -1375 -4051 -17
-1266 86 -1954 724
-3601 -3512 -4116 -2598
-4009 -3160 -4850 -4072
-3704 -4633 -4304 -4681
-4737 -4770 -3361 -4805
-3446 2789 -2940 2939
-2696 3758 -4382 3116
-442 -4490 3327 -4848
-1228 -3227 -1552 -3195
1894 1442 1543 756
-1029 3825 -3515 3196
-4494 -1922 -3680 -863
-3056 4397 -3538 4147
-3709 58 -3580 1228
-2932 -4992 -4335 -4905
2974 1115 2910 889
1292 2885 1984 2373
3198 4999 2188 4755
-4465 -155 -4629 670
-3732 -3395 -3474 -4582
3923 4378 3041 4673
4085 -4512 2202 -3604
-2131 4834 -4325 4678
-2770 2429 -3527 2641
-3770 2054 -4170 2779
4265 -523 4358 -655
-2547 -2754 -1218 -2965
-4186 3188 -4243 -391 98
-2262 -57 -3164 1109
-4920 3577 3259 344
3854 -3536 4560 1043
2135 -3587 854 -818
-3757 -1204 2219 332
2906 -2878 3555 -2489
21 -3489 -1706 -3362
3575 3058 4122 -1278
2245 3666 -2818 3437
-4941 -1177 -3207 -4660
-3005 -632 -4279 -924
-402 291 -1942 2199
-4484 3894 1889 1080
-363 -1296 -1894 -2384
-1577 -1340 -2922 -3655
-3306 -115 -4894 -806
4057 -1703 1039 -372
-3415 -3203 -2956 -3853
-2508 -4381 1747 -4016
2873 -3184 4212 -4610
2667 -4039 749 -2456
2783 -832 2581 -785
38 -411 -280 -1445
-537 2864 -741 2792
67 4229 -4196 4789
4652 2830 2462 4808
-142 -4976 -2675 -4990
-4457 2618 -4463 224
-1283 3544 -2770 4554
-3496 -1752 -3351 -2851
1938 4909 3460 4670
-1675 3356 3473 3368
-3662 -979 -4722 -1381
4946 -1825 4295 -1403
3604 758 2002 2301
1699 2792 3599 2741
-4621 4295 -4075 4423
4115 4142 4986 4348
3421 3657 -21 3987
-790 2963 2495 2295
-3195 1222 -755 726
-1835 2897 1936 3275
-4246 -345 -2631 2528
125 2081 339 2526
-1078 1202 -690 1565
-3215 -4669 -4924 -4544
-1591 4741 1194 4233
1699 -2513 2799 -1522
2255 -4420 -3650 -4873
3860 -4978 2512 -3702
355 -2222 -3268 -4007
-2628 -3245 -2119 -3190
4177 3989 4994 2897
-771 -3718 -3218 -4080
-2407 -3444 642 -2063
-1699 -2963 -574 -2592
1336 536 -3777 -771
-4109 -2457 -3928 -1858
-3523 3924 -1778 3491
927 2259 3319 707
1552 -3619 389 -2806
3065 -4481 2033 -4518
3795 1842 3776 2135
-4289 2693 -4374 2872
2385 -4456 1578 -3588
-340 -1647 -18 -1292
-4168 -4540 -4405 -3961
-3711 -3346 -2870 -2592
3339 -179 1506 -564
-4580 3907 -3052 4581
1055 -1285 703 -1807
-90 -759 -4245 -1867
772 3809 -2639 4557
1024 -2254 -14 -1543
4134 2753 4795 1988
-4833 2602 -4857 -514
3546 3779 4498 1540
3830 -4466 3330 -4470
4502 4931 3644 4895
-781 1845 2398 333
-1601 -2612 -2002 -2721
-492 -4549 -4762 -4861
1044 -10 -210 -1543
-3555 3393 -1376 2308
-2804 -3424 -2864 -3078
-4836 1479 -4818 2939
1941 -2949 4029 -4548
2204 -1906 869 -569
-3558 4090 -2267 3929
-346 -556 -836 -870
-354 4860 -180 4875
-3527 -3796 -4406 -1989
-2707 -2486 -3175 -2935
-3199 -986 -3734 -1064
2691 -1872 2330 -2840
4949 -2625 4478 -2210
3603 -852 3408 351
4762 -2496 4235 -4004
-3037 807 2892 792 130
-805 -291 4685 3417
-2523 2069 4483 4494
2046 -4606 2556 -4724
-2143 -1562 1572 2268
-2373 -1695 3619 -2932
-1069 466 -4873 4412
-2535 2762 1316 4606
-1150 -770 -1586 -1323
-3699 2827 -4747 938
-4786 -3273 -2928 -3510
4957 478 3888 -196
-3334 -2220 -1298 -287
-202 -4978 1976 -3001
4814 -3042 -480 -547
-4370 -1005 -4039 -2569
1502 -2509 -2130 -3191
-4086 -3598 -1791 -4726
1107 -4899 3118 -3115
3943 1086 1034 685
-4910 -4929 -4629 -3962
4335 3675 47 2083
3802 1953 4650 875
-4478 1238 -4647 -2866
4230 -4767 3391 -4999
4949 -777 3167 160
3512 2805 -1822 1597
-3340 -2838 -2936 -3152
1634 4468 -1515 2527
28 1260 -3035 -1495
-3322 2305 -3672 965
3531 -4876 2293 -4122
-1310 -3649 -3771 -3663
2651 -1763 4866 -2011
-4038 1521 -4116 748
398 4900 -3855 3822
-3800 -2587 -1754 -2398
-2617 3056 -4522 4155
520 -499 3559 -1726
-1132 -4987 -2246 -3947
4513 743 1756 -229
405 4721 3921 4838
-2619 1361 -2751 401
-1772 584 -2175 804
-4517 1022 -4680 -1380
4765 -4710 2802 -3723
2195 1576 2075 1199
1937 2373 -1253 1725
-3272 -797 -3808 -768
-1640 -3697 -1498 -4339
-1674 4040 -2288 4166
3927 -1571 967 -386
-3256 -1644 -4231 -2833
-1906 -2692 -1272 -2260
-2080 -4403 -2147 -4133
-1474 -4660 -733 -3514
-3097 -263 -2389 -324
-2396 -1774 183 -2433
88 -924 -262 -1871
1776 4730 1125 4478
2509 -1523 879 -1155
-4871 795 -4843 -795
3570 694 828 -430
-2461 -2087 -1983 -2340
-2475 -1610 -2344 -1563
383 -4901 2360 -3503
-4049 4577 -3565 4408
4905 4868 4822 3624
-1984 -2498 -2263 -3526
-3964 1792 -4236 -1306
-2844 886 -3230 2571
-4793 -17 -4825 1803
-414 1475 480 1337
1983 518 1774 148
-4661 -3848 -4122 -3378
-540 -1452 -1977 -1644
1575 -1712 1482 -1536
-2679 -1610 1431 -2174
4138 4981 3347 4300
-4719 2338 -4684 2601
-4935 3773 -4936 -3577
-3665 -4436 -2854 -4746
-1849 190 -2851 -1033
-2914 2366 -3061 1929
-4257 -4235 -2858 -4813
2693 -3362 1252 -4691
-4484 -3274 -4276 1749
1731 835 2935 1516
-3092 4162 -3904 4784
4863 -3630 3880 -2869
-3929 -3930 -2208 -4551
-255 905 -3417 -1867
-551 -2911 52 -3790
3666 -4095 3159 -3049
4464 -1405 3405 -657
220 2389 2708 3296
-2441 -2497 -3745 -2789
4332 -3957 4387 -3847
-3536 -1317 -2730 -543
-2555 183 -3484 -553
1118 3634 3228 4588
-2364 -4697 -3177 -4605
1345 -3398 -53 -2828
1553 630 3168 649
4109 2436 4626 1234
-2437 -3131 -2603 -3521
-4189 3241 -4669 1465
-3984 4575 -3902 4907
3372 3890 886 2778
1135 710 2520 1952
-2490 3900 -774 4008
-598 -469 833 -808
-1559 2007 1757 2973
-4856 -2526 -4873 -860
-375 2941 -2613 2105
-1481 1057 -911 1572
3528 -4562 3785 -4220
-4245 -4128 -4862 -3805
-1351 4349 -1071 4039
1806 3822 3361 4634
-4203 3752 -2543 2517
-3802 -4815 -4459 -4920
785 3573 -371 2895
-3955 -1321 -3547 756
3390 2429 4024 1797
2615 2702 3900 3294
-2986 4326 -2453 4420
1775 2425 -1165 1808
2956 1309 3059 2276
-3254 -3449 -2344 -3061
-295 -2511 -558 -2832
3389 1159 -1399 -3588 2
4515 -3865 -4484 -3355
3283 -15 3995 -1395
-1206 3280 -1339 3535 107
-3353 2603 -3013 -4757
-2920 -2673 4494 2470
-1654 4713 -3267 2557
-4390 3515 -4171 4155
-3429 -3851 -3597 1874
-2068 3852 -1039 4179
-772 -4602 4978 -3951
2825 672 3287 714
1012 -1022 3789 -1256
2136 -3569 77 -3256
-1677 53 -2397 -1998
4855 3242 -3184 -111
-3027 -4202 1557 -1161
151 1137 2147 2068
-1929 2084 861 3152
3955 -3397 439 -2190
1032 -4473 2765 -4303
-797 926 3609 3190
475 2866 -896 1507
-1472 4684 2591 3356
1053 -4273 3666 -3503
1708 -1444 4037 -2581
-4688 2083 -3908 1258
3929 -3402 -1038 -4255
-3517 -3933 -4534 -4191
-2174 -3581 304 -571
2300 2579 -2777 92
3151 346 1220 -691
524 3809 -2171 2774
-3549 -2320 -3889 -2113
-4961 -2603 -4857 905
489 1493 4854 3426
3377 -981 4012 -169
955 -1661 1204 -2371
4446 -807 4484 -2440
4967 3440 4835 -1543
1106 -3152 1557 -3451
-4458 -338 -4827 -700
-1403 -269 -284 -152
-3026 -4434 -2373 -4254
-4969 2986 -2987 4693
-3480 -4590 -3201 -2444
-559 -4401 4008 -4047
-1887 -4086 -892 -4751
-1156 986 1906 2542
-4354 -706 -4977 2007
-3325 -4539 -3920 -4735
594 -4628 4117 -4728
-3685 -1018 -3868 685
-3660 -1767 -3583 279
4477 2593 -3164 -469
-2653 -1075 -2181 -559
-3886 -2821 -4498 289
2633 -4643 4608 -3994
-2916 4273 -2670 4224
-2371 -146 4788 3134
-4493 -2811 -4410 -3969
4670 3530 1149 4036
849 -2977 -2424 -3930
3706 -3305 4365 -3536
3579 -588 4297 1028
-3872 3458 -4465 2638
209 -4892 532 -4735
4039 1983 3534 1137
-2304 547 -2440 2372
4369 -3053 2862 -2983
-3745 4416 -4916 3984
-4471 -2125 -4318 -2214
3670 1533 1736 -333
2992 1726 563 554
2534 -3485 3196 -3264
3068 4291 3899 3699
-3523 4748 -4899 4649
1897 -891 3511 390
-1622 -1483 1238 380
697 503 871 623
-4143 -482 -4316 1391
1983 -1590 4420 -2940
1363 -679 1626 -920
4791 -3338 4861 -3165
4302 -4749 4499 -4121
-2463 2583 -2910 424
2252 -4897 2199 -4979
4465 -1255 4907 2168
-4058 -2897 -3683 -3349
4757 2546 4531 831
-1358 -1056 788 633
-2128 -1661 630 249
-2578 4929 1307 4583
-3069 4054 -2676 3909
-914 -3976 -1998 -4022
-3727 3446 -4258 2551
4803 4527 4331 3832
-2954 -3981 -765 -1837
-4261 2228 -4348 2535
3586 -1497 2324 -1561
-1116 3788 -1350 3236
-2142 1052 -516 1933
1571 -2640 -534 -3103
3346 -4179 -206 -4579
963 -758 1491 -467
-1708 -2598 -2214 -2542
4184 -2358 4436 -1132
-3441 3924 -3244 2315
-1578 -3077 -789 -2287
-2701 -2309 -2869 -2522
-2304 -4946 -1621 -4327
-4006 4275 4315 -3709 71
4046 4062 3520 3688
-2140 -3216 -4345 1997
4571 852 -866 -3084
2058 -3662 3258 -485
601 -256 -3126 4364
-4879 3645 -3591 -3694
-219 4646 1766 4361
-1401 -4636 -15 -3693
-2682 1919 -458 -130
-817 -1642 -1007 -4120
-3449 709 -4120 2760
-3385 -869 -2652 -4033
-3505 2826 -235 -2294
877 3990 -3228 4664
4336 -275 3807 -4106
-2809 -2833 -2022 -3783
-2492 -4601 -1383 -3500
481 -2852 -520 -3814
832 85 3867 3462
-4674 -2033 -4486 -1306
-4768 3614 -4184 4990
-4420 135 -4040 -3070
195 -4118 3832 -3679
-999 -2925 -1247 -3056
-3943 -425 -4221 1211
-2234 3808 1479 2289
-2517 3387 -3021 3725
-2297 3911 1945 2759
913 -2506 811 -2814
-4247 174 -2851 -4624
-2594 -972 -1982 -1628
-570 -4976 2409 -4719
2916 2542 1298 2677
-1191 2619 -2795 4088
387 -3252 726 -3859
-4539 3589 -1554 -1815
-409 -150 2472 -538
4379 -4581 3521 -4762
2838 -485 3939 -274
519 3736 4727 4727
-3253 1619 -3413 1825
2617 1233 3730 1874
2842 -3580 4084 -217
1588 4208 2807 4430
4939 4730 -3916 4856
-696 4044 -1378 4130
-2069 700 -2334 1157
4396 -1115 4682 -43
1660 -4413 4644 -4037
-3895 -3729 -3410 -4119
4258 -2967 4349 -3553
-1840 -3436 -4183 1780
-3398 4033 -2537 3560
2517 -785 1551 -3041
1648 2872 2654 3884
-2494 -4975 -4758 -4449
2775 3332 2796 4024
676 -243 668 194
-1251 -3389 -2688 115
-2507 1710 -997 -553
-577 -4296 4527 -4936
-3389 -4206 -4744 -3546
-1285 4723 -828 4640
-4368 2518 -4460 1805
-4704 -3572 -3552 -4169
3788 -4638 3094 -4479
-4816 -2756 -4262 -2738
-1571 -2535 -1087 -2543
-1116 1994 -147 2513
3831 943 2271 34
-2915 -2252 -3337 -453
-1729 -1616 1372 2663 117
-1181 -3625 1319 -2544
-4420 -1176 -95 2822
-646 -3354 -3251 -3173
713 -2772 1770 522
4909 -96 -213 1154
-3735 130 -2760 1345
480 4149 -4855 632
-3594 -4749 4980 -2364
4704 1521 3043 3080
-2994 -2500 -1676 -1498
-1910 4169 -3581 2099
-694 -1192 -2742 -547
-3591 1940 -1950 3404
2376 2916 1113 4573
-4387 -3162 -2727 42
1555 1076 3 2163
-2995 4033 -4320 2358
4417 -1455 3601 -241
-2317 -704 -463 -2772
1321 4454 4203 2668
-3466 -4729 291 -4726
1598 1351 3459 2244
-2569 -4576 4524 -3135
-4354 3519 -3311 4900
1365 4811 -1712 4853
1915 3136 498 4074
3216 339 3043 1308
3488 -444 2727 -2454
1636 -1142 2052 -2642
-2337 93 965 3164
-4571 -2369 -2753 -5
2451 2385 2503 2664
481 -2399 258 -1387
-225 826 -342 1130
-4484 -1274 -387 1911
-2562 -2974 -2873 -3156
-82 -1364 -170 -1555
818 -4475 4458 -4585
538 97 1497 247
-805 -3133 -1579 -2416
-2717 1313 -1336 2503
-70 3530 -4633 -855
-309 -4223 1337 -4758
1149 -4238 3609 -3989
-3245 -3039 -4123 -4500
-4530 154 -3491 814
-3122 -470 -3567 -954
1953 -4969 -4221 -4833
-2627 3715 -2699 3429
-4853 -4820 3440 -2357
1963 -1521 2480 17
-1620 4840 3693 4522
504 3449 3392 2315
-4070 3438 -4866 1738
-688 -191 279 -1335
-4454 3555 -4190 3266
350 -3829 -2487 -4521
-3 -1794 -56 -2220
-1822 4116 -2488 3449
3803 -4314 4647 -4608
144 -3848 1725 -3620
-4031 1198 580 4638
-3398 -4005 -3009 -1783
1165 963 3299 1358
-4563 -1859 -3997 -1085
-2192 -2349 -1465 -2080
-4220 919 -1497 2402
-2693 3898 -2907 3841
-1944 4933 -2831 3944
-240 -223 -185 -90
669 0 -917 419
4278 2279 4813 2224
2851 -1601 2784 -1741
-3485 3423 -3758 3368
3812 -4820 4144 -4980
-3704 1382 -542 3081
-3096 -1007 -1885 -1413
3484 1001 4761 1013
-1410 4370 -1231 3499
-4750 -1935 -4934 -2945
4535 -2161 2049 -3126
4297 -3717 4007 -4264
-4150 -4023 -4176 -2853
4979 159 3604 794
4560 -4818 2290 -4732
2759 -4862 882 -4505
1058 773 4256 -65
3754 -4719 4963 -4760
-4926 -4241 -4959 -42
1098 -369 -623 -214
3394 -353 3043 -971
-4479 2261 -4341 1708
-1639 437 588 791
-2790 -4418 193 -3522
-4278 -4385 -3989 -4228
4249 1363 2842 3143
-4815 1190 -4729 1284
-2889 -4469 3079 -2684
1307 -1962 1492 -1711
1470 -2716 286 -3166
2302 2613 1376 2792
3850 -1700 4032 -1986
-4802 2973 -4926 3932
-128 -1165 352 -2505
1870 -1511 2850 -1947
3730 -2875 2870 -3139
800 664 833 430
-1555 4690 -4789 1036
-4916 -155 -4657 -1776
-3371 -4420 -3247 -4478
59 -3405 -3046 -4373
2143 4387 3002 3501
-2122 -2727 -1968 -2634
-4675 -2676 -4933 -3341
4623 -2676 4322 -2939
428 2452 1950 1523
-3428 -1752 -3386 -1583
891 -1914 -2209 -2731 137
3744 3913 -4710 -512
3764 4435 -4854 2748
2214 738 1600 2498
4602 -3986 -3487 -1435
-1022 1847 -4604 882
1387 -4863 1711 -4939
2091 -2570 -531 -154
-3807 -2662 -3252 -4773
3126 1106 4537 -3374
-923 4596 268 4630
-3225 -1596 -4368 -1810
194 -3841 373 -4066
1270 -1345 2772 -148
2490 -2991 2952 -3012
-3983 -2866 -4653 -1742
4910 -578 3714 4749
-2723 -789 -2253 643
3579 -4484 -1699 -4727
4065 2104 2917 3392
1516 -4119 -882 -3489
896 4482 456 4140
-2021 854 -2067 343
-3284 -4447 -1089 -2930
1177 703 -4552 -1491
4797 -4469 -3698 -1750
2307 2784 656 2202
323 3793 -1657 3817
-4325 4951 -2546 3896
-1199 -949 -2477 -978
3326 -1934 2506 -367
-4769 -1686 -4290 -2884
2393 196 2160 671
2523 3863 -4079 1948
-1957 -1591 -284 -2058
-3322 -4484 -1010 -2920
1092 2303 -2192 187
-2207 -4397 1201 -4221
959 4107 3117 4788
1144 -1046 517 -1118
-385 -2770 2650 -3770
-2848 -4768 2440 -4228
1993 -1474 2223 -1242
1464 2725 -1994 1459
-659 -2669 -1746 -2292
1735 568 1095 116
1597 -3380 4311 -4293
278 -3125 4848 -4846
2811 -1191 2847 -2095
-1824 1076 -4406 930
3169 -352 3196 -739
-4347 -3142 -3562 -4286
4888 2375 4075 3633
-3862 -3151 -3821 -3508
-2571 4970 -595 4414
4910 -927 4883 -1702
-711 -1544 -2199 -1449
245 4427 773 4586
2908 1251 4060 -3280
-1437 4488 -2212 4792
-627 -1421 2499 -2943
-3905 -3792 -4139 -3897
-3909 -1816 1903 -3619
-4890 -247 -4821 2499
-4955 3400 579 4439
3475 -3821 1343 -3153
4121 -3554 4168 -3036
3023 2424 2470 2426
-1149 2036 -1997 1940
3228 -3489 -3353 -1290
3458 4362 -3624 2322
91 -3185 1687 -4175
-4295 -4579 -4152 -4352
3951 2185 3247 1296
2175 3605 3123 4147
-4332 2793 -4357 1158
-1127 -2054 -1395 -1982
-2415 2198 -3987 1089
270 3503 -3486 2527
-1977 -4953 -2583 -4957
-3155 -3861 -3220 -4371
-312 -3222 634 -3705
2661 -2696 3452 -3115
4200 -2568 4411 -3328
4437 -428 3307 1367
4277 1452 4622 335
1940 -4435 -2273 -4757
-3982 -2474 -3290 -2657
2526 -2698 3495 -1897
-2414 -3274 -2803 -2910
-3710 4743 -3443 4828
-3759 3466 -1235 3696
2811 -4846 3212 -4992
4183 856 4709 -113
-2513 -4689 -2340 -3838
4010 2266 3744 3485
889 -4800 -3633 -4875
-1970 -4192 -430 -4000
-2908 -2463 -1865 -2907
4917 4623 4653 3761
-4683 -1079 -2721 -345
-1906 141 -1981 -456
862 -2406 1585 -2791
2962 563 2335 -420
-1477 2859 3489 4302
1235 -1305 1945 -2429
2992 1212 2849 2335
1764 1461 121 552
-3105 -1774 -2482 -1860
2765 -2487 3087 -2107
-1502 2408 -866 2078
1702 2905 1019 3295
-2488 1665 -2428 2137
-2751 4078 -1902 4053
-38 1314 834 1215
-4991 -1660 -4710 1311
-4837 -4662 -4495 -3722
925 343 530 369
-1520 -2783 -2023 -3254
1735 1752 1439 1622
3336 2585 2905 2306
4698 -4241 -2956 -1899
-985 2505 -95 2605
-2336 -1253 -1841 -1000
3056 -2934 4140 -3703
-3245 -620 -4873 -1156
-1003 -4405 1269 -4345
1932 4039 -3827 2598
-4257 4214 -4744 3620
2641 -2969 1275 -2187
-24 -1971 763 -2341
-4933 -1221 -4377 -1040
-2883 -3872 -2338 -3587
4982 -3084 4355 -3839
-4941 -2381 -3911 -4773
-191 4816 1815 4754
1588 -1219 1686 -1053
3272 -3332 3079 -3303
-1425 3398 -2615 -4614 123
-3236 -4426 -344 -1302
-3157 1752 -2261 -50
-3271 4577 1642 813
-3924 1192 -4353 4877
1245 171 -867 423
1541 419 2814 1566
3100 1712 -3311 4990
3660 -2891 -241 -4330
-4999 -2266 -3116 821
-2727 -760 1493 -1193
-1169 -3955 2774 -1720
-2410 -2505 -3191 -88
684 -4150 4700 -3204
-4052 4944 -991 1237
2021 14 4551 2191
3312 3099 72 4810
484 3832 3438 2123
-2211 3434 2039 -493
-2825 -753 4378 -1942
2883 86 4825 -592
-2352 -4053 2357 -1883
2686 -2865 -794 -3981
-2702 -4520 -3088 -4679
-3988 -2364 -2717 -1723
-2928 -4513 4212 -2334
4737 -1937 661 -1327
-2725 -3057 -4871 -3499
3868 -3567 3402 -4479
2987 2658 3981 2008
-1735 1381 -2451 1180
4355 1761 1769 -818
-4195 -491 -3290 2516
-3832 17 -2763 3196
4234 -704 223 -904
2412 -1419 3525 -1090
4991 -3907 4885 1232
-3518 3291 -3615 3972
-2783 -2476 -2420 -3261
1763 -4233 1347 -4581
-1493 2693 -1278 1690
-39 4387 381 4299
-4590 698 -4078 932
-3315 -4952 2725 -4764
-2707 -4347 -1112 -3806
591 2424 -3856 4988
1514 4670 3693 2814
-2242 302 1098 -62
727 -3195 2770 -2546
2644 -1515 168 -1133
-2676 4053 272 1641
1358 -4634 878 -4342
-4272 -3366 -4737 -2630
-2887 -512 -1374 -538
-1196 -4734 69 -3741
2793 401 4119 1803
-3983 -1565 -3149 45
4531 4658 -166 4908
-2576 -89 -1234 -549
-1688 -3276 -3115 -4558
-3143 -3521 -2652 -3468
3279 2782 1615 3367
-865 3898 -299 4033
-4885 3767 -4323 3787
84 -3934 2617 -3214
-4003 -4809 -4247 -4501
-3007 -3300 -4511 -3799
3483 -3852 -641 -4474
-1169 -2375 -56 -1884
-2616 -1735 -2492 -1354
1481 -4334 2248 -4051
-2399 -4462 -2630 -4475
-2046 1236 -2394 465
-4631 -1958 -2916 -1355
1624 2230 2017 2067
-2078 2708 -3601 4804
3721 144 4610 -486
1400 525 1256 758
-1580 1015 -2053 2462
2945 446 2392 -82
1691 828 -1359 3393
-2453 4827 884 4118
4132 4171 3652 4032
-4244 1136 -4898 2892
4703 -2601 1431 -3874
1333 -559 -443 -525
2417 -1149 3588 -775
-3825 -1174 -4196 -1299
-4694 -1804 -3315 188
3341 3532 4447 4423
-4948 -3440 -4277 -4406
2640 -4328 1596 -4759
3290 4944 212 4956
1357 4531 677 4747
3850 358 4570 -282
579 2571 1907 2081
-1882 1091 -1127 259
685 -2070 -272 -2711
4889 4788 4645 2033
3988 -3407 -82 -4327
-2865 -2485 -2559 -3196
-652 4426 1316 3083
4229 -2911 1882 -3776
4085 2646 3922 3863
4285 -1246 4032 -1528
-3420 2369 -3390 2292
544 -3205 3642 -2187
-4251 -2387 -4357 -2003
-2859 665 -3335 -110
-2416 -3531 -2976 -4138
-4901 -4975 -4232 -4828
3422 1696 2843 2405
284 4695 -1635 4980
-111 -157 -806 -585
4722 3563 4427 4595
-4809 1607 -4950 -1534
4097 1188 4370 -91
2014 425 2747 941
3166 3446 2443 4202
4233 -4734 3977 -3745
4500 2431 4257 4142
-3357 -3978 -3696 -4038
-2220 -2577 -1703 -2593
-3376 -4984 983 -4876
3134 -2069 4487 -2294 81
-3787 -2363 -1352 -1789
1715 1720 1205 -4866
-1796 -1164 -4319 4330
335 1978 -1352 -4330
403 -3640 920 -1268
3167 798 4121 1405
-1322 -1437 -4958 -1945
-319 -2621 376 -4879
3220 -4018 3177 -446
-4112 -2235 -2555 -4777
-2205 -4992 -1066 -959
4524 -957 4413 3770
2991 -3999 3201 4990
-3131 2287 1539 3195
-2779 -2761 -2997 -3841
-3171 -3380 -2913 -2706
1079 2585 956 -927
2988 -4699 2278 2926
-3228 -4660 -4563 -3210
1906 -3998 2639 -2150
2136 4325 2527 1126
-841 1464 -1267 760
1061 -1338 890 -952
-1235 1570 -1624 -174
-4765 4944 -3564 2372
-1651 2917 2149 4558
-1067 4417 1280 4640
-4482 4180 -4514 -1446
-1792 3002 -1482 3867
305 -2940 536 -905
2949 1882 2455 1739
-4920 3187 -4562 -33
-2444 -4430 -2588 -3884
-1422 -1719 -3103 -1734
3958 1857 3946 2799
-2312 -2447 -2811 -2137
-2478 1806 -1736 -1104
-4951 1719 -4792 -1063
4725 960 4474 4564
1564 1304 1068 -3199
-2613 2872 -3806 4508
-2684 608 -4065 950
-4416 -1368 -4038 2522
-103 -1678 897 663
1954 323 1266 -4797
4247 -901 4452 -633
3936 -4797 4745 -2869
1155 2430 1253 -1469
344 1198 -1269 -4903
404 -3892 234 -3709
4215 -3915 4218 1201
665 1316 438 241
-4931 -3070 -3714 -4362
852 4682 2627 4845
-4550 3700 -4535 4025
-2872 -3511 -1329 -1888
-1870 2969 -2029 3473
-3693 4544 -2717 3206
4451 3446 4841 -2912
1020 3124 821 3507
-756 4362 -2272 4404
-3811 -2305 -1593 -1830
-1996 -1376 -2659 -1185
-3153 -4220 -4227 -3559
-2531 4489 -2038 4020
-2659 357 -3028 -169
-3715 -1296 -4028 730
3241 -4510 3319 -4304
1946 2067 1492 1429
1197 -3906 1111 -3267
-2709 1645 -2599 1465
-2663 -4907 -4722 -4442
-2951 -52 -3551 281
4078 -4098 3183 -4920
3137 -4688 3074 -669
-1283 1692 -1697 2550
-4787 -1271 -4575 -1457
1607 3737 2256 965
997 -4246 698 -3677
-1341 -774 -1166 -60
-2884 -4408 -4863 -2773
3613 1473 -2116 -1870 28
1042 -654 3368 -1634
-4753 -1719 2139 1854
2199 1131 -3018 -4880
-3412 -3904 -4805 -4537
-3338 4744 4575 1093
-4110 2781 -2650 2297
-4482 3749 -2089 3509
-2550 -4767 826 -4979
-4283 1094 -3152 216
-1240 -3291 3120 -1734
-4086 -3960 -2223 -3627
979 1197 -3672 -2726
4933 -3402 988 -4885
-600 -1446 393 437
1502 1787 -943 1610
3082 4591 407 3882
-1584 -3811 -106 -2930
-638 -3794 1959 -3920
1967 23 4267 -633
4602 -3074 2796 -3178
4912 4782 2037 4242
-1785 -1079 -818 238
-4913 2897 -750 2452
-3008 1478 -1244 2075
-3664 1452 -4669 2772
2459 622 1474 -41
-2950 12 -4925 -1437
-2458 2291 1169 2100
-4259 1476 4742 -4540 70
2139 597 -3352 -4358
-4912 -3176 -4991 1988
-730 -808 -1767 -211
-466 -3431 1750 -2219
-3375 4099 305 2604
2997 1091 1295 -529
3410 971 -1879 -4754
-3544 -2221 -3477 -1365
-3671 -3862 3172 1836
2146 -4255 1820 -902
4673 2127 2919 -4956
3642 1043 2927 2724
-1384 1859 -4476 3414
-4857 -3018 -3746 -2623
976 3159 3813 3002
-3519 4036 -1926 3392
-4378 -3171 -5000 -4590
-3388 -4272 1208 -238
-4146 1577 -722 1166
-1991 2823 -1177 2188
2920 -374 4059 919
-3516 -3317 -2268 -854
-2134 -2240 -2358 386
2947 1615 -3831 -4419
-584 -62 2649 1885
-4029 2802 -4790 303
-957 -2680 -2604 -3720
2850 -3575 3313 -232
4737 3671 4764 -1558
4430 3196 -1585 3678
-4522 4967 4423 4118
-3426 634 -4136 -1021
-2394 -2854 -3108 -3739
4447 -2010 3349 -3806
-4806 -4767 -3338 -4678
-4451 916 -4620 -196
-941 -4443 -649 -3507
-3477 -3677 -4287 -3784
732 -1657 -1609 -3288
-1117 -2496 -1719 -3147
4332 -3727 2963 -4942
4163 -3153 4634 -3847
-468 2660 -383 1492
-3982 517 -2695 826
-1831 -1425 -2060 -121
-886 2182 -4551 4678
-267 -4953 1268 -2822
-3469 -2058 -2866 772
1863 -4528 2838 -4228
-3769 -1139 -4782 -2333
-1052 -281 147 -203
484 -3824 -1176 -4995
426 2568 2799 2287
1080 1639 1397 1937
-3986 4915 3504 3586
-2428 -118 -2554 430
-3794 -909 -4753 -1958
-2958 -1543 -2708 348
2223 -3254 2618 -1897
3777 3829 363 4180
4884 3254 4959 324
3436 -860 3181 -1589
977 -2132 736 -2003
-4531 -277 -4116 1753
-569 16 1177 1820
758 -3189 1177 -2595
1784 427 3060 1486
-1790 184 -1627 342
2604 -1687 2851 -648
918 -4616 1046 -3387
2865 1618 668 -2761 145
-4494 -1940 1889 987
-3887 -1989 3702 -4223
-3757 464 -1469 2351
187 588 -1274 354
2645 2155 -1887 2495
3517 -2725 4853 -595
-4898 -4866 272 -4966
4693 830 -348 -218
3959 3494 -1514 3029
4671 -4210 -107 -2984
-748 -2174 2819 -1789
-2977 -2832 -390 -3284
-3071 -2972 -3934 -4814
1440 4174 905 4320
-1631 2050 -4942 -1512
-443 -3676 2885 -4120
-82 -4646 -1956 -3881
-2265 4499 -2548 4714
288 -3728 -879 -3478
-2491 3339 -2549 1980
-1331 -1222 1248 -1016
1407 3304 -3847 3848
921 1236 -2843 321
-3230 -419 33 141
-3643 -2901 -3994 -2052
4825 3610 2427 4473
3501 -3522 3170 -1539
-3495 4594 -4333 3365
2073 4656 2168 3528
3528 -1857 4720 536
-1661 -4961 2004 -4983
-4051 -4047 -4999 -4439
598 -2044 -1067 -2602
2797 959 3940 1028
-584 -4279 -131 -4554
623 -1979 -2723 -2060
383 4841 -808 4983
-2413 -1367 -120 -1138
-1987 2971 3825 2652
-3588 -3110 -3082 -2292
3428 -446 2921 -388
3034 -4901 -2434 -3021
-643 -3735 -2801 -3197
1771 -848 -1949 -1000
-4602 4813 -4359 2701
-1181 -3217 -1207 -3352
-4984 -2320 -4796 3342
-248 4974 1868 4756
1422 4345 -1402 4388
4957 2094 2523 1623
-717 2189 -1804 2471
-2396 1231 -4807 -189
-4048 3285 -3228 3037
-314 -104 2789 1298
-2739 -4649 -2381 -4191
-3053 4417 -2543 4591
-2439 -202 531 390
-3903 -3217 -4608 -2038
-158 -1459 325 -1809
-3110 1997 -3525 3067
-2336 723 -1660 1885
2899 45 4520 717
1789 -3050 2964 -2432
-273 3636 -463 3587
-2399 -3315 1379 -4340
-4684 2278 -4455 1203
823 -2940 2895 -3579
4803 1695 4863 399
3145 -2931 2760 245
1339 -662 -185 -220
4967 -2597 3938 -3048
-1044 -3895 959 -4444
-4594 -3291 -4476 -3848
-1931 -2260 -1918 -2133
-3680 -3092 -4257 -3524
-4201 2226 -3313 1237
986 2452 3249 2239
3915 4109 4420 4243
-3776 -1806 -1110 -2515
3010 -3636 4823 -3535
-1902 -1356 67 -1137
3954 3120 4776 3100
-769 -3063 -1986 -2932
250 -3059 1428 -2733
-4561 2819 -4115 857
839 750 800 761
1599 -1652 -869 -1344
-825 4590 -3492 3815
2468 816 1030 163
-4130 -3939 -3491 -3454
736 -766 13 -810
-4275 2189 -4991 4857
1844 -2167 1925 -2617
3414 -4906 1555 -4138
2400 1891 3315 1777
-1283 3605 -2612 3827
-4373 523 -3809 1215
-944 2338 2708 2034
2018 -4751 -705 -4776
-2174 3592 -3742 3481
537 -2665 842 -2672
606 3776 -2640 3957
-3084 -4410 -1986 -4063
4893 2778 382 2860
-3259 -4312 -2818 -4730
-2740 -3669 -2801 -3923
4857 -3292 4520 -3106
-947 4511 432 4567
1312 1218 1103 1573
4044 -4952 -2933 -4831
-2483 -1874 437 -1850
-5 1308 428 1831
-21 1901 4421 1376
-4228 4920 838 4631
-51 -3748 3686 -4606
-3062 -1462 -2867 -2038
-3628 -593 -4347 -1825
870 1780 187 1232
-3306 -4246 -2182 -3901
-3781 -3027 -4022 -2562
2058 2153 1945 2205
1310 -3687 -2064 -2547
2394 -4098 3666 -4247
-1352 853 -1124 1047
4200 -734 4051 -1272
969 2037 741 1997
4332 2002 -1049 2072
-4776 1927 -4493 965
-4713 -4844 564 -4908
414 2561 1489 2669
3451 -2557 3905 -1424
4398 -2009 4750 -868
-2612 -804 -2317 -294
3688 -3292 4235 -2642
-3570 3143 -3845 3563
-812 -3621 1224 -4282
-2549 -255 -3419 83
4020 -2573 3508 -3178
-3608 3903 -2501 4339
-2918 -762 -3506 -360
-1694 -626 -3889 -1277
499 -4657 -1925 -4673
-4788 2874 -4463 1640
2770 -158 1338 -622
-2350 2720 -1290 3564
202 -4578 4934 -1780 98
-3792 4928 -3268 -402
-2907 -4983 3724 -102
-4242 -2368 -955 -1639
4771 -78 4914 3312
-1946 2665 1949 4119
2814 -429 -3102 -3718
-2516 -551 4466 4096
-1363 2450 -3248 -1381
-4531 -4913 -4969 -4373
1585 2377 -24 1997
-849 -4550 3580 -923
-525 -4190 -585 -3851
-64 -2266 -3265 -3872
2364 2266 3325 2751
4858 3450 488 1088
704 -4633 -1988 -4948
3188 -2716 1752 -2742
-827 1665 -236 2280
-3576 -4338 -3265 -4587
-3622 -1699 -2580 1783
2229 570 1636 122
3343 -3946 -268 -4473
-2645 -2754 -3194 -3754
-1309 -2566 2833 -24
-4535 4012 -4332 4155
4194 -92 1625 -2170
1839 1075 2902 100
-2738 3769 -582 3587
-2080 -4885 3976 -3263
-1927 -4115 -1256 -3019
3927 4645 -2259 2107
-4717 4923 -4894 4845
-1094 -3216 1504 -1217
2859 3585 1445 3437
-3208 1521 -1805 2457
-4319 1272 -3789 3617
-4878 3822 -4520 2783
-2733 -3125 -1266 -2145
3574 375 201 -1807
4529 620 4398 3135
-4511 -2325 -3588 -4677
-4397 811 -3904 -1223
4041 -4267 4392 650
2707 -3843 3842 -3488
-4964 -1159 -4405 3015
-3205 2022 -2214 2526
94 887 2314 1668
-825 4626 1891 4847
-640 236 3084 1856
-3502 -329 -3701 3979
-4522 35 -4812 -2782
-2212 -4583 1651 -2223
-3144 2685 -1805 2898
-1151 -966 -2013 -251
-952 -1712 -3919 -2384
2917 3244 4451 4285
2100 -699 4109 335
4880 -4366 4856 1801
-4673 -4473 -4504 -844
3996 4970 1048 4060
-2503 -1359 -2929 -821
3191 -4211 -449 -4595
-4551 -839 -4625 -1131
3795 -3781 3972 -4624
-2193 4249 -966 4258
-1068 -991 -1126 201
-4446 -4854 -3563 -4749
1892 4628 823 4459
-3789 4917 -1983 4408
1116 156 1504 660
1961 -3157 1176 -3656
-321 -1830 -955 -1374
2288 1121 4325 2210
4724 3041 4560 -3013
3016 146 3107 1141
1300 -4451 -447 -4729
-1675 582 -422 2271
-2248 -4474 -2401 -3952
-3626 -3320 -1441 -1849
-1635 -1492 127 -528
2525 4878 -278 4996
-4258 -2530 -4197 -444
4254 2363 789 855
-4674 -4702 -4830 -4443
-140 4347 -2151 4069
-2102 657 -2711 -387
-2689 3642 -3191 3406
4170 302 365 -2542
-1380 523 1222 2145
-4350 -2657 -4496 296
-4369 2557 -3906 4520
3189 -2843 1510 -3807
2035 -2253 711 -3898
-4645 2089 -4312 3747
-1726 1094 -897 1981
2832 -4510 43 -4834
2291 -4033 2831 -3740
3922 194 211 -2349
675 4272 45 -573 89
1372 -413 444 -4780
-565 892 -947 -2196
2557 -1764 4833 2531
-2875 1104 -4034 926
-4454 145 -1076 -3110
-3685 -1256 -3931 -3124
-3541 1498 2653 4926
-107 -3920 736 3604
2905 4569 4650 4252
-543 -4558 -3977 -516
-3479 -3266 -2932 -4449
1878 -2048 4909 -4904
3169 3373 369 -1424
-2665 -1017 -1139 1992
-3149 1749 830 3964
-1387 4374 -3323 4626
1249 -3276 841 -3675
938 3176 4687 4215
-3027 -1654 -3315 -1644
-4238 115 -3956 -106
1059 -3199 4990 3524
-3848 -4027 -3190 -4830
1526 332 -242 -4576
-3571 837 -3397 135
-4028 -4180 -4545 -2421
1307 -1378 2084 1272
-4897 -476 -4434 -4815
-198 1955 -2298 -765
-3140 -525 -2626 -364
-1849 4252 -4601 1628
4064 2110 2336 811
2161 -3907 1078 -3820
-703 -2657 -588 -1664
-1097 -4418 -2489 -3597
2813 -2933 4317 -4757
-1127 -2627 -4080 212
4921 2286 4680 1178
1696 4509 -141 3956
2443 -4735 2569 -4628
-4760 344 -1750 -2867
1702 1881 1653 2672
674 1175 1539 1572
3020 -4361 3567 -3974
2893 -4552 2525 -4713
-3168 -3088 -3642 -2598
-3069 4898 -2332 4600
1382 -2450 1455 -2338
1045 -2046 2278 -260
-4892 -2278 -4501 -4249
-3169 -4530 -1883 -4355
-2141 890 -2631 6
-4368 988 -2655 2181
-3990 -2868 -4544 -958
-2797 781 -2174 2106
-2648 -4477 -1915 -4654
4099 -3870 3941 -2083
-4528 -3317 -4622 -220
-4494 -1909 -4183 -2871
-525 -1637 238 -800
-3232 2748 -4265 1888
3109 -104 2305 -2061
1863 -3308 1261 -3189
-934 -1003 -1038 -1969
-377 -3107 -573 -2281
-66 917 178 -299
-286 3847 -3449 1961
17 4018 -117 4689
4614 90 3449 -1867
-3195 2035 -4820 659
3671 -868 3070 -3076
-2123 3508 -1568 3107
-3682 4170 -4377 2827
2504 -3663 1791 -2927
-4986 700 -3695 -189
-768 -111 -1432 -2100
-4541 846 -2001 2216
-3162 -3203 -1781 -3220
-2540 410 -3434 343
4462 3539 2809 1941
-954 -4979 293 -4357
4546 3818 1908 3195
2484 1295 2893 2795
-777 4663 -1232 4716
449 1432 434 3188
1998 -2455 3009 -4121
-1577 481 -795 2077
-807 4383 -2928 4278
2358 -2068 2952 -2233
4999 42 4870 -3522
-139 4509 -2681 -1724 81
-2980 -4018 1261 -279
-3251 234 2607 2497
-3697 2400 -3011 -2583
3067 1409 4956 -1172
3178 2428 -2390 -885
3250 -2815 2584 -1817
1954 2836 -4782 4120
2392 1268 -575 -2823
-2695 -4664 4562 -4494
-1329 -3826 2721 -3185
-4685 4 -3929 -2469
-3355 -2996 -3018 -2883
-112 4347 3108 4060
4800 4657 4049 4845
-584 -3843 340 -4188
-3737 2652 -3432 3366
-3496 3266 -4602 807
2310 -1180 2172 -2789
-3987 -4680 -3665 -2999
-27 -2624 1002 -2954
176 4236 -3866 3998
-2530 1804 -1512 2172
-570 -4165 -3690 -4056
2342 -485 3475 -996
-4769 -4858 -3335 -4956
-4820 -4900 -4931 2334
3662 -2628 4656 -3441
-3600 238 -4601 -153
-2080 -2284 -2762 -2829
2576 -350 2510 -140
2926 3200 4903 1566
-4395 -4517 -4606 -2412
-1632 -2273 -2728 -3655
1521 -4079 -2517 -4467
-3089 2285 -771 2881
3769 -1193 4148 -2384
-3421 1919 -1953 895
1374 -1673 1238 -2654
-808 -2993 -1296 -3592
-705 1597 3131 3305
3322 -1383 4031 -723
-467 2930 -695 3178
-3446 -2416 -3869 -2687
3519 4537 4519 3969
4443 956 3889 1385
-570 2463 -3183 2009
1483 3653 839 3152
2921 4791 -2703 4430
-389 800 -2899 -1191
-2954 -1765 -2834 -2210
164 -2239 2532 -803
-4362 1802 -4620 3703
-2219 -3999 1909 -3111
-1221 -493 -2764 -2664
4489 -4020 1670 -4516
3603 3023 2445 3992
3721 -4046 -3501 -4577
1807 1180 -3003 -3378
-691 -3266 2824 1855
-2966 4582 1240 4989
-3323 -3538 -2274 -2601
369 2205 1256 2636
-3485 -4940 2167 -4811
3731 -2732 -484 -3497
2247 789 449 -1735
2414 1787 -2385 -3241
2435 3684 2344 4118
-1270 987 -2707 -745
395 149 -2661 -2858
-1322 376 -1902 -100
3132 2332 2777 1341
-4842 4026 -4855 594
-2354 3882 -1239 3506
-2967 2739 -2324 3430
-3416 -3083 -4587 -2582
-1334 -4695 2205 -4723
-3446 4936 -3874 4648
-476 -112 6 73
2464 1199 2325 840
-4594 -1327 -4795 -1877
4083 -1740 4835 -2691
1228 4452 4327 -3352 2
-238 1798 4796 -2066
-3883 405 -663 -4378
-2838 1588 -898 -491 84
492 2849 -576 3286
-2838 -4445 -2535 4564
1234 1365 3109 -4077
-467 -3712 -938 -1480
-800 3262 1472 -3747
3378 2123 3697 347
-3930 1303 -4528 -253
1276 -3867 -1714 2864
-3118 -4447 -2408 -4732
2570 -565 1027 4282
3440 4269 937 4526
2567 -960 1593 1664
-1433 515 -2458 -4149
-4512 -2500 -2795 2523
-3397 4243 -3704 2217
1382 4768 4645 4076
-680 -2656 136 -1554
3107 -4388 3832 520
-3910 -162 -3787 2560
-4911 3520 -4573 4889
349 -137 2534 -3226
2268 -1174 1215 1920
-348 -4683 -2061 4615
1394 1042 729 3217
-1761 -3257 -2120 -3959
1428 -3428 1512 -2375
-3468 -4694 -4871 -3680
-2141 615 -2298 4658
4143 -559 4899 -1882
2696 2182 3988 2845
-3022 -3885 -3454 -949
2441 743 1781 4210
-642 -4711 -1090 -2892
-4128 -867 -4037 -933
3352 -4696 -476 -3882
4178 3174 3442 -1795
-3877 4779 -4484 1143
1588 1583 2332 -1286
3595 -2280 4424 -4466
2570 -2999 345 586
2352 -3038 1246 -3973
4205 3437 2936 2802
3534 -2141 4127 -1322
-3668 -3399 -4017 -1122
-4528 -905 -4619 2078
413 4393 1235 616
-1320 4678 2886 4049
4984 4023 4618 3194
-966 3939 -1388 4356
-1017 2569 -261 1498
3212 338 2367 -1364
-2690 850 -2638 1723
-1786 -331 -2609 -1047
4788 -3726 4852 -4271
-4751 2816 -4446 1455
-1710 3008 -1047 1401
-4703 4840 -4736 4875
3207 1913 2586 652
2888 2369 3184 2845
4064 862 4422 1073
4734 -4782 2219 -4213
4768 -4210 4819 -4581
-2921 2590 -3269 3928
-3587 -4188 -2433 -4614
-4577 -2586 -3595 -4489
3289 336 3636 85
-4771 -2537 -4004 -941
-4939 -413 -4752 -598
2752 -3125 2322 -3354
4491 -4299 4423 -3921
-3509 2356 -3701 1055
-3338 -4189 -3456 -3731
-1621 -2280 -1276 -3855
4640 829 3848 255
2005 -4635 1304 -4960
4933 -1459 4491 2627
4530 -4693 4183 -2980
333 -2522 492 -2545
-2024 3139 -1808 653
-732 4217 -1409 2848
3662 -2115 4467 -1545
-3101 3274 -3458 3298
-3778 1423 -3724 513
-4573 -1118 -4084 815
3511 -3584 3455 -3137 40
-3559 -1617 -1242 -4387
-4379 2894 -828 -1988
2791 -329 -385 2764
-999 -4449 -4505 2079
2276 -4564 1512 -2672
-3537 4841 431 4711
4891 -4095 2418 -4510
296 688 -1169 -1345
-2306 2317 -3868 4502
1093 -3372 -2170 -1270
2989 248 -987 3816
3513 -1995 -2461 4145
-2710 -4441 -3205 -4710
-548 1896 -692 690
2272 3704 1883 3651
478 3995 3587 4404
-484 -4980 -3776 1303
-2632 144 -3464 1557
4588 3640 4463 -376
3902 1765 3835 2721
-210 3330 3487 783
1286 18 3629 -3825
1838 3721 -3578 4682
-3298 -2375 -4523 -3790
2716 -3648 1183 251
-4673 4014 -3992 3302
2975 -1779 4913 -2863
-2902 -230 -4232 2626
-2738 4387 -1985 4185
863 -4870 -153 -3008
555 -1984 1549 -3849
3790 4399 -3221 4693
-1835 1381 -4392 4369
442 623 2336 -3157
-3312 -2029 -4785 -2512
575 -3818 -932 -2130
-4603 3671 -4559 2592
606 38 181 -2634
-4884 250 -1903 -3497
2293 3492 683 3019
-2686 1166 62 1949 121
-4943 4678 7 -2058
954 -3025 -883 -2937
-3912 4005 3546 -1658
-842 -631 -4275 4426
4877 -3112 -1091 -3363
-1345 1114 3872 -2407
-2307 -3568 4974 -4437
4006 4067 -1955 4523
4129 4884 4709 1325
-5000 3151 -2270 -1364
-4307 -3780 -4793 173
-1861 -4376 -1621 -4895
-3889 4599 1409 523
894 2047 4946 -2437
-4191 -980 -3596 -1858
-4347 2076 -547 -2297
986 -2283 4139 -2628
-4735 1727 -2672 -3898
-3860 -4785 -4658 -4677
1073 3442 -268 4122
2483 -669 804 1449
-94 -3933 -4073 -3977
-213 -4491 1706 -4936
-2422 4262 1615 905
3775 -4864 -3419 -4032
-636 4170 2336 610
2089 972 4126 3831
-2718 -628 -3641 -523
1650 -2251 847 -1802
4134 2829 4097 2814
-4822 -3929 -4793 -4243
2878 3030 864 3150
-3235 3966 -3724 4193
-932 -2852 4417 -3113
3238 508 4314 685
-1543 4474 -30 2871
-1531 1731 -1643 1538
2469 4362 1653 4801
382 -1337 -1605 1306
-4945 -4981 -4979 2579
-3085 3375 1746 -756
4584 -136 4562 998
-2489 -1436 -2491 -3086
2122 -1687 367 -163
2321 -4414 -1602 -4190
-4100 -1864 -3108 -3115
989 3783 -917 4301
-947 -1791 834 -2925
-1352 -1645 -2330 -2587
4755 -3398 1117 -3497
3180 4069 1234 4274
-4031 -2098 -3511 -3752
-460 2761 1014 2174
-4533 -937 -4763 553
-4638 -3171 -4836 -358
4529 1681 4064 2796
1324 -4301 -3107 -4024
-2811 -3491 168 -3067
756 3899 -955 4398
-3728 2285 -3775 2062
4352 -2989 2235 -2660
-3267 -4442 -3534 -4318
-1405 -632 -2120 674
2679 820 2859 472
-1133 1015 3038 -1779
4752 1346 4242 4201
256 -3665 -2112 -3437
3117 -1767 3374 -1696
3434 2309 3408 888
1635 -2455 -262 -2096
-2771 25 -2783 4
-3493 3611 -2128 1492
4968 -4120 1479 -3833
3814 -2191 3473 -1221
-1745 4487 -3313 4307
-3429 -4275 -3729 -4384
-830 2733 -647 2529
4583 -3717 4012 -3538
596 -4527 3271 -4998
1743 -3720 157 -3553
4911 -4118 4990 -4179
-849 -1490 -3478 1925
-2907 -1001 -2563 -2882
-3643 3992 830 522
4875 -4855 4268 -4461
-4489 4600 -4627 4594
-809 -2486 -1083 -3000
-4423 -386 -4604 1280
3313 -885 4888 -2945
-3589 3487 -1573 733
-2819 2638 -2573 2306
395 3538 812 3530
1916 -2053 4530 -2569
-3964 359 -2904 -586
3215 -3950 -1978 -3401
1813 507 1899 686
-4379 2553 -3954 2319
3727 4888 -3368 4743
-177 1124 3034 -1384
-1966 4154 -1699 4308
-2554 -2678 -2574 -2788
-2810 2183 -1478 19
-4035 2590 -2330 1074
-4456 -964 -4920 2742
-2700 -4730 -4419 -4327
-1100 4443 3085 3492
-1751 401 -4455 4437
-2064 -2023 -1932 -1607
4230 4383 4982 3073
-4479 1739 -4630 1598
80 4703 -1904 4618
-2809 -1157 -2773 -1138
2860 -3813 4437 -3758
-4134 1738 -2829 168
-1321 696 -2285 2136
-1212 -485 -13 -2106
-4782 3897 -4859 3826
1705 -3868 175 -3796
-4387 -2552 -4389 -1694
-4186 -3032 -4439 -1112
-2729 -3760 -3942 -3814
4224 226 700 -2134 19
3829 -4624 1632 -3422
3713 1092 1045 43
488 -4995 -413 4568
450 -4041 517 2122
-992 2587 -894 -2029
-4116 3223 -569 3265
-2995 -59 -3361 -4543
-2402 499 -2501 -1405
-4473 2360 -3068 2743
1945 -927 2282 -2262
-316 -1678 -1114 -3570
-2424 -1450 -3156 -4035
-3277 -859 -3613 -4564
-4991 1196 -2211 2333
-2520 -3940 -2352 17
585 -1635 3091 -3473
-607 4894 -3298 4166
4510 852 1502 -822
-1790 809 -1047 1228
396 -2368 -4588 -4160 33
-4727 1716 3236 4534
-4682 2381 -2746 3856
-3156 -747 3321 2496
4628 1783 -478 -4520
3961 1408 927 972
-1712 842 -1987 318
2199 -890 -2734 -2422
4749 4835 -764 661
1371 -828 1745 281
-2605 3642 -2585 3170
-3309 2191 -3211 -4745
1748 -1750 -1890 -2521
4113 2720 3056 1628
-3492 -1151 -3432 -3102
-4080 -1338 -4481 -3389
-2346 -3461 303 -2762
-2353 -4100 -1818 -3881
446 -4383 2209 -4404
890 589 192 -178
1413 -4199 462 -4047
-2140 1271 -1149 1463
-3070 -4916 -57 -4542
1945 -3864 3518 -2625
-2639 -3932 -2901 -947
-3210 -3912 -1911 -4591
-2369 4041 3830 4629
1581 -4340 2237 -3681
-4215 -4437 -3547 1694
3956 4213 2444 3010
-4933 1666 -3277 3256
-139 3908 -2268 2907
-2322 -1667 -996 91
-1200 -4005 -704 -3369
-911 -2591 2804 -2986 66
-4162 -1002 -1172 -3655
902 3230 929 -4819
1845 3350 2363 4240
-1551 -2292 -3688 3998
-128 3460 -836 -70
1932 -1946 4471 1005
-3361 -4753 -3311 -3915
3791 -2552 3512 -3113
824 738 465 4508
-4749 2396 -2451 -2497
1064 -4998 3506 -1477
-882 -2213 24 -247
37 4811 626 1354
-76 4762 -160 4504
239 820 -1204 -1357
-2950 -4621 -2192 -4602
-4526 -1518 -4882 4166
-4035 4397 -4149 1602
-2209 -867 -1315 -3196
-386 -3743 -784 -4847
-1229 3028 -2104 4243
-103 2983 922 -2833
2066 1127 4660 2727
-2067 -208 -1064 -491
4675 -4970 4359 -2497
-4420 -4608 -4414 -2917
1467 3941 1009 -2731
-2948 863 -3108 1079
2552 -4197 2758 -2963
-126 4582 -685 949
-4243 -4346 -4205 -52
3268 4409 3732 2780
1498 -3384 2562 1060
3218 -711 1115 -4090
-4164 4809 -962 -247
-1214 -3869 -1660 -3956
-4226 1522 -4372 4266
-1170 4946 -661 2920
1257 555 1545 2503
-1226 4544 -4941 4883
-506 -3560 -925 -2345
1838 1694 1521 -931
3901 -292 3276 -4355
-1353 4284 -836 750
-876 308 -1197 1457
-3359 1802 -3174 -893
-3154 -3197 -1542 -3548
-2467 373 -1937 -1339
-1810 3385 -2005 1497
4395 4615 4302 3568
-628 -4349 -2430 529
185 -1490 404 -973
811 -2875 160 -4863
-2136 4115 -3926 4492
1479 4709 1764 3467
-1378 643 -1447 2047
2433 -4473 3595 -1936
2874 4964 3520 4599
-3819 -2886 -1241 -4171
1988 -3444 2592 -2521
-2782 -163 -3221 -3
1109 -4941 2137 -4280
2690 1937 3275 3484
-4812 -3642 -4915 3986
4079 498 3873 -2670
2792 656 3148 1168
1199 -463 -2729 4689 102
4837 3575 -1249 -1793
-28 -1847 2182 -3036
223 -3395 -1161 -1793
-3422 -1799 -4507 1528
2614 3550 -4820 -3681
-3669 1235 -757 4887
-1078 -1555 -2969 -2163
4090 461 4452 1314
-3967 -2861 -2135 -3416
403 3162 -871 3726
-4646 1382 -4273 4227
-3027 -3616 -3267 -4007
-324 4391 1067 2086
1878 -2886 -400 -2347
4619 -3150 -1671 -3553
1444 -4793 1123 -4393
2140 583 2628 -3080
-2630 2901 -1595 4933
-2428 2457 -2009 2830
1589 2866 753 2730
2742 -1593 4428 2989
4222 -2236 2805 -2911
-3736 -350 -3236 508
-2976 -2686 -103 -4749
4363 -2101 4175 -1645
-3278 -4223 -3728 -4587
1949 4585 -322 4803
-4643 -1604 -4989 809
-4696 -4202 -2113 -4170
-1736 596 -2055 -93
-416 3303 -3110 -1419
-2 762 -2783 -2064
-2969 -1586 -361 3048
-4599 1166 -4397 -92
-743 1845 -2472 -905
-4110 1375 -2369 3476
2723 -1728 3388 -103
3010 -4382 3972 -4859
2505 -1554 2435 958
-2134 402 -2374 1317
-1121 -3943 1756 -3534
2285 1527 289 671
-4806 2520 -4487 4636
3394 -2484 4463 -45
-760 -4538 -2587 -3678
1464 -4894 1357 -4315
-175 3363 -763 2521
3467 3099 1022 1838
4726 386 4802 70
-1231 -2904 -2557 -2157
1187 362 -1944 -1528
-4999 -3259 -4735 -2722
496 4152 950 4500
-2312 2542 -2572 372
-3856 2963 -3115 3632
1400 -4983 1043 -4743
2039 -254 2002 -1091
-1880 -2796 -3162 -2522
4871 477 4647 1697
2621 -2459 3038 -2344
-3128 -1839 -775 2563
3886 3699 2253 2637
-4122 697 -3643 387
2708 1568 4167 2608
-3733 1911 -4182 3006
3672 -1603 3935 1260
-326 -4377 4969 -3680
3426 1478 2620 -8
2820 3559 4270 4674
-1616 -2116 2166 861
1213 4760 1772 4926
-3870 -3308 -3897 -3071
1225 3454 -685 4764
1952 -1398 1700 407
-1645 2654 -1465 2949
2557 3295 3003 4132
24 -2405 961 -2396
717 -4902 974 -4473
-3451 2605 -3994 2864
904 1918 -3720 -2474
-2964 2442 -2482 3281
-4261 3824 -2808 4315
3638 -258 3490 129
1848 -1293 310 -1170
-573 -4932 -4925 -4506
4690 4582 4294 4238
4226 -3152 4209 -3033
1635 -628 1355 -29
2 -2698 2025 -3072
-2251 861 -2242 2595
-1049 -2119 -1803 -2286
4316 -2936 4871 -2789
3990 -2153 4387 -769
-548 -766 -1566 -1481
-3179 -812 -3104 -1530
-2850 -3405 -4417 -4157
3334 2353 2573 1615
43 -1873 963 -1992
-4755 -1472 -4585 -2954
-4426 -381 -4450 -153
4608 1694 3929 -1011
-1316 3840 -810 4283
2343 -2279 1469 -285 99
-3042 2629 -4694 -4897
-149 102 2990 -947
581 -4629 2201 -2429
1802 4410 3937 -153
-4635 4105 -3869 1690
783 3937 -2203 -1216
592 3087 -320 1651
-1258 2176 -3607 -4249
-3578 -3906 -2364 2468
-1880 -3970 -2480 -1225
-813 4171 -3746 2220
-3046 -1677 -2678 -1588
763 -4446 4793 -2831
-3077 4228 -3927 3192
-3655 -2159 -4235 -3411
-795 4821 3032 4901
-4103 -4085 -3723 -2455
-4747 -1320 -4318 -717
1761 -2887 433 -3521
-1641 -357 1532 1433
4967 -2948 3224 125
451 758 2587 1529
235 -914 434 -2375
-2629 1356 -3412 -1539
-1118 -3242 -253 -2150
1785 -3737 2424 -3372
996 -3470 -1178 -4086
46 -3197 1391 -1944
-3234 -4229 -4610 -4876
-4994 -1140 -4894 -4628
-4959 1204 -4743 -1666
4460 502 4144 -1452
-1943 3338 -2316 -431
1817 1144 4765 -2809
1564 -4884 3293 -4452
-4849 -766 -4814 -3987
-4436 3144 -4670 2896
-2549 -4582 -1041 -4889
1816 -2004 2627 -1750
3782 -3844 3978 -3255
-258 4555 -2984 2765
4836 4962 3989 862
488 -3944 -2574 -4365
1576 4723 1869 3734
2209 2712 1715 1264
1249 4396 219 2662
-4601 -3641 -4020 -673
-860 -2294 -293 131
2989 2787 4115 1742
-1230 4332 -4328 4780
-1999 2704 -2099 957
4491 4914 2511 3724
-2829 -676 -2372 33
-1871 -4248 -2594 -3357
-2646 1687 -3391 -209
4038 -1000 4506 2533
-4259 1625 -4033 -254
3649 -2736 3034 -1970
-4589 2750 -3674 -51
4667 481 4391 -387
373 1597 891 3249
-1682 -1501 -979 -3747
-3272 -1515 -3725 -2963
2300 -1902 3016 -3208
4569 4241 4189 4661
2547 3276 3113 2882
-660 -1652 783 -338
1529 -4311 3128 -4300
-3504 81 -2584 2714
2732 -4069 2263 -4043
-1907 -3560 -2368 -1687
4958 4053 4867 -1973
-1780 2936 425 4133
1757 -1714 1819 -2860
1796 -806 663 -1840
-2117 4196 -2946 4256
1345 -179 1983 -166
4285 -3173 4193 -4123
-4643 4059 -4783 -721
-1905 -42 -1478 562
-1454 4156 -3631 3135
1383 1935 -714 889
-341 -289 264 -439
-4088 -544 -4297 -1591
2120 2894 912 2596
3929 -2526 3518 -2897
-3378 1060 -3838 -1858
-1897 -1326 -1128 -1749
-787 -4476 438 -4407
4979 -3999 4400 -4545
1451 1698 209 1205
-670 1445 -957 2371
1398 4689 -1027 2357
-2296 -2541 -2317 -3035
-1164 -117 -1547 -626
-3027 571 -2867 1035
-1706 4913 -3592 4907
1295 -4154 3484 -3314
-465 -208 -803 -549
689 -4728 -4077 -1507 14
3411 -4822 -1196 -1354
1103 3396 -1033 2297
-2551 3730 -2008 1150
-4313 3271 1162 -2313
-2272 1349 -4246 4211
-305 -2195 358 -4674
1451 -2698 3627 -682
4263 -260 4314 -2633
-1056 -934 -2938 175
-4365 1572 -1551 -1461
3314 -1494 3826 -3139
1175 -2063 2887 4586
3381 3453 4127 -3979
-4941 -2847 -2813 -2077
-3852 4523 2171 -3836 37
1876 3822 -4225 581
-4752 -4998 -4537 -2740
-3218 -3716 -166 -1916
-2825 -1978 -2734 -635
-4884 -4626 -4397 781
1830 -1088 1763 3269
3428 -2675 -2901 -4422
2514 -1406 -3024 -4187
1766 716 -22 -1489
4249 179 3555 1688
2366 -1920 4106 172
4122 -578 3915 -924
-2391 -3444 2947 -633
4265 -4439 850 -4859
-2654 3177 -3743 1906
4366 4862 -4689 3945
-2695 362 557 951
2638 4315 4479 3281
-4216 -1882 -2930 -3261
-2933 4232 -793 4619
-4515 -1209 -2495 -2378
-3728 -3053 -3557 -4472
4681 1279 4345 2982
784 2504 -1611 1500
4775 -3325 1194 -4124
1950 -3547 2414 -3259
-2789 -4153 -3859 -4875
2822 -2430 -2522 -4260
-2923 -4469 -1416 -4081
-4184 387 -889 2032
-4947 -1845 -4737 2629
1291 1319 -3981 478
1159 -1848 -1601 -3349
-3757 1594 524 3242
-4639 -768 -4299 2358
492 -63 -1146 226
-895 -3401 -1074 -3511
-4606 4697 1810 -4254 52
3491 3538 -3141 -4676
-1532 -4044 2 -3705
-4925 4729 -3522 -2818
-4540 -2730 -4231 -2476
-635 -3201 4326 -2580
-2359 312 4494 4815
3857 4183 -2134 -1680
-3165 2102 -4085 352
4377 -657 4545 147
-3928 1563 -3792 1406
-4648 -2308 -4711 376
4250 -677 4666 905
1237 -3871 4708 -4008
-2893 -2853 -2687 -4096
-2938 -2375 -2570 3185
2554 193 3567 -73
3038 -3965 -806 -4308
1099 662 -1427 -2328
-2964 -4022 -4048 -2175
441 -1887 -1927 -4262
4584 -2806 1175 377
-4006 -2734 -4712 -3722
-4197 1654 -3644 1879
3147 790 4140 2428
265 -3723 566 -3430
-2497 2345 576 4725
-2513 -1270 -1987 -1438
166 4985 -2417 4164
3736 1394 4143 -1942
-1924 -1141 1894 2313
4042 4387 -582 892
3539 -1681 3601 -421
1129 196 3835 -2615
2328 -4978 -2477 -4879
2927 4627 1221 4457
4105 -3848 1351 -3310
-3088 4121 -2923 972
3045 4588 -2097 2394
-2730 -2569 -1267 -2345
790 -242 1506 -2152
-3246 1804 -3537 -2651
-1807 -3208 39 -1360
-395 -4340 3619 -4724
2848 2400 -3176 -4781
3597 -1202 3860 -1076
4975 -1297 4396 -1615
3024 4098 -1284 1419
1601 4200 130 3539
1056 -3173 4862 -3162
-4544 -787 -4141 357
3905 -4783 -4255 -4826
-3150 2634 -4229 3483
-3463 3796 -3146 -4935 61
-3765 -1975 -1574 -3167
3295 -1825 -3589 -988
1661 564 -4930 2396
-266 -3610 759 -4500
4496 60 4330 2942
3546 2222 -1077 2736
-3469 -4578 -458 -3307
2735 4253 4180 1185
-3291 2972 -3385 4816
2009 1881 2868 1345
3640 -3306 3174 -3736
-4066 -4313 -3896 1899
525 1677 -3498 2891
-1735 -4668 1065 -4562
-1027 3869 335 2599
1184 2488 390 3753
2595 -2636 -2121 -2777
-2779 1611 -3622 -379
-1998 1060 -2472 125
221 -1111 4613 -1508
-574 4474 -2188 3777
2279 599 1659 -701
1275 -768 693 -1001
-3269 -4523 3039 -2523
1823 -4630 4221 -1744
691 -4662 409 -4958
-3651 1464 -3893 -4011
-67 -1009 -2519 53
2914 1677 3336 95
-3247 -1295 -3235 -1446
-4686 1975 -4796 1277
1916 -96 -213 237
641 -833 -2230 1434
1611 1927 278 1361
-3144 1069 -3636 -174
-608 -1365 -2949 -1694
3894 1702 1773 4897
-2310 -4465 -525 -4256
-2691 -3329 -3041 -4374
-905 3843 1391 4538
4903 -1151 4509 -592
-4907 2895 -3505 2658
-2179 -1724 290 -1498
3840 4118 4507 4829
3951 -2268 3950 -2875
-2514 3577 -736 3931
-867 -3509 1588 -2940
-183 -3148 -703 -3104
-3307 351 -355 -607
3867 94 3685 1169
781 -4272 3503 -2578
18 -1589 -1321 -2723
695 749 154 483
-983 3148 -420 2787
1581 -4542 -4198 -4841
2127 -4695 4848 -3178
2021 -307 2799 464
4256 -2043 4787 -3014
-3886 2582 -963 1350
-4816 -2622 -4107 -70
4021 4078 4268 3163
3703 -4299 3581 2180 52
2121 3687 -562 3792
-3805 -2293 -3660 -1113
-3274 4935 833 3196
1919 -4563 173 -3180
-3294 -1503 -3167 2899
199 -2023 -1399 -3266
-760 3848 -3375 4243
-4975 3360 -4362 1170
-4604 -3297 4479 3834
1455 -3693 4733 -39
3961 1893 -1216 -2845
-333 710 -3801 -2570
-1761 3123 1923 3173
-1877 -521 -2729 602
3758 45 2589 -1888
-4365 762 -4233 -2267
2000 -3889 1153 -3830
-4874 4471 33 1010
-2652 -2019 1495 -82
-2051 4678 811 3912
-1444 -3299 -565 -3702
-3914 -3164 -1885 -2605
1528 -3724 3575 -3117
3745 491 2235 -1269
-3461 -4756 -4474 -3816
2913 -34 -51 -3426
-3854 559 -4695 2689
3623 -4763 4856 -2086
-558 2061 4034 3559
4096 4251 2484 4439
1833 1969 -3998 -2816
4356 4360 4408 4165
3235 -759 1714 -1842
-1609 2617 -1237 2205
-4777 -3406 1128 -4108
-3656 -4965 -1747 -4952
4922 3391 4974 -475
-2029 -4009 -2313 -4451
1267 -2809 1447 -3732
-3465 4271 -2755 3036
1001 -1524 234 -2848
1304 -2413 1793 -1933
-3724 1077 -4230 2952
4273 3132 3900 2226
2009 -1011 2378 -267
-1979 -1692 1555 1307
-3943 1921 -3223 1485
-2267 975 -2739 601
-3886 -4675 -4379 -4819
-4628 1020 -4475 -2060
2216 4320 1543 4151
2538 -4983 2385 -3997
4994 977 -4749 -2460 29
-2593 -1178 -206 3888
-1330 1620 -4622 -73
-1286 -3811 -3704 -1842
1802 -2161 -1534 -4572
-1209 -1282 2322 4677
654 957 3990 -25
-2603 3355 -3686 3504
-3871 -738 -4198 -2679
1863 4510 -1973 -675
2114 -3735 4917 -3689
-4750 -3793 -2238 -4141
3905 -375 3562 -3097
3897 -214 187 -880
371 -988 -2215 -2529
348 4682 944 4464
2873 3460 4591 -1829
3389 3703 3731 4131
128 -1273 -2015 -2609
-3100 4794 -1544 2843
4855 512 4923 595
-2317 1883 -2671 3215
-4470 -4254 -1868 -4665
4683 -1008 4963 3181
-1381 864 1048 4330
-2058 -3021 -3815 -26
494 -3108 3281 -1499
2851 -3028 3656 -1321
-4380 2312 -4298 2606
4992 3037 4951 -1107
2669 1544 1634 -3145 37
-1764 -2686 -2433 1814
1859 810 -1774 2841
669 -2043 3448 4389
3520 4993 -4877 4492
-2082 -4256 -3623 -2441
1184 -4114 -3287 3335
-1953 1792 -452 -288
-1898 -4899 3341 -3806
4807 3764 2712 -2397
4181 3237 2522 -162
40 -228 -2733 3899
1251 -3840 1351 -3320
-2468 -532 -3427 -2621
-2465 4321 201 3622
-3432 -1271 -4087 -79
4610 -182 3226 -3043
-2564 -2772 -2991 -2830
-4844 -712 -3801 3408
4886 -3624 3120 -4897
2601 1447 1527 -677
-4396 -598 -4061 -1154
-3271 -553 -2825 -271
-1603 2291 1667 514
4929 -3217 4163 -2382
-2174 3211 2080 3523
-4536 -1156 -4562 279
3216 1701 3900 2996
325 -2607 -2522 2186
1801 -4750 2198 -4861
2991 1931 2601 1375
4513 1879 3479 -2402
-3480 531 -3024 269
4952 34 3505 -2712
-3473 -4160 -3016 -3620
2342 -1261 3765 1199
-2080 -3254 -3036 -2067
-69 1198 87 -606
4200 -3246 -671 -1622 37
-3246 2223 2737 2799
4743 2947 -2483 -4643
-3177 -4705 4034 2873
-4812 -3767 -3067 4305
234 -4656 3198 395
2695 -995 3439 -4899
1225 -3022 3748 520
-2480 2736 -2245 3517
-1349 1000 631 2242
-2571 -2483 -2668 -620
3122 -4359 1042 -4490
-2878 -4903 -4973 -4944
1319 406 -3965 -4490
-1926 2802 1697 4472
-3017 -3385 -969 -358
1257 3462 2793 2798
-3228 -3426 -3858 100
440 -4661 -613 -4771
2534 1950 -766 -1158
-3204 -2593 -3442 1095
3483 -4543 3518 -1126
442 -3690 -632 -4296
-3592 1746 -2335 -220
4358 3367 2042 1835
43 2123 -2196 874
3855 -478 3929 -1430
-2267 -2558 -50 292
4320 -2316 3892 -196
1498 -1826 4242 1951
-1113 809 -781 170
629 -257 3806 2765
3763 -3137 4120 -4796
-3353 -4116 -4242 -4687
-2753 -2082 -3118 -2492
-4207 1990 -3725 2280
-3544 4908 -4334 4939
-2074 -4709 -1808 -4858
-3651 -970 1453 -4904 121
-1871 1712 -2277 -1375
-3207 -1861 -2493 -4961
-3123 2527 -861 1082
-4861 -1101 -3257 690
-4920 -4280 -3879 -4179
1382 -3343 3515 -1455
-1341 -4598 478 -2485
3759 -4468 4847 -1291
-2648 2306 2464 1525
-2477 4195 -1739 4557
-4638 4417 -829 3445
-1249 1155 -2297 -1654
3009 2678 919 3736
1430 -8 1047 -2700
4000 -2264 3805 -688
2159 -4852 3169 -2612
-3167 -1277 -1212 -3570
-2346 -1836 -920 -1163
838 -653 410 -2075
4236 3336 2948 -1166
-3325 239 -4647 -4194
-3147 -3335 -3315 -38
2665 -1346 4084 3199
-1153 -2462 3552 2239
-4838 63 -4135 1015
2248 -4111 1241 -3626
1533 2537 -2803 3251
4260 541 2192 -2518
-1407 -4833 920 -3221
2632 -499 2238 -2189
832 -3784 3394 1047
-2798 -118 -3384 1295
-714 -159 860 1387
-4439 -4183 -3981 -2676
-1679 -4313 -210 -2747
-2554 -4465 -2252 -3824
1303 3909 3121 2915
-4620 2325 -3425 2776
4198 -2292 3104 -3454
-4950 4210 -4390 3561
-3325 2542 -4963 302
4084 4828 3063 1871
-1761 -4698 -870 -3943
-1826 4370 343 4184
-530 3348 1801 4750
-2508 2513 -3109 3786
-4965 -3067 -4708 -3321
-3413 4875 -3017 4268
234 -3645 -591 -3871
213 -78 1531 487
-2735 791 -2165 261
-2621 2734 -3621 3367
4777 -3935 4691 -3627
-543 -2633 -361 -2289
-4490 2104 -4506 946
1712 -1022 2433 574
-2281 -1256 -3340 1955
3292 -2396 -602 -4686
1585 2960 -2427 3624
1820 -4942 3978 -4670
-1345 -1036 -931 -1157
-565 1313 -2065 -1206
-4661 -1795 -4100 -1558
2607 1370 -42 -1205
-205 -1895 752 -2407
-1592 -2818 5 -1628
2485 1530 -2335 2639
-4599 1671 -4821 2207
4664 -4750 4954 -4162
1924 -1493 1441 -1833
-1234 -773 315 1144
1228 2934 2750 1849
2806 1439 2835 546
-2729 -3416 -2999 -1994
4126 -4949 495 -4975
4405 -1992 3554 -2643
4690 2623 4766 -1385
-3709 -634 -4116 -418
-4870 2101 -4703 3901
4470 -90 4419 73
1326 -3388 2631 -2443
3132 -4234 2825 -3938
-2282 -4821 -2092 -3036
3794 -3869 4075 -3143
3679 3006 4209 4826
4415 -2750 4708 -3488
979 4072 1688 3566
192 -2145 1200 -2957
2748 4516 2915 4496
1462 -293 2558 962
1090 -4926 617 -4506
441 -899 2077 701
-4026 890 -4908 -507
-3751 -1199 -3357 -1247
303 -260 -1811 -2305
123 1673 1921 1471
-4863 1868 -4791 1629
-264 4547 -802 4801
2268 -1443 2075 -2413
-4374 4038 -3693 3374
-2682 -3287 -2430 -3984
2870 -2581 3269 -2330
3033 2550 3003 2274
-921 1907 -1579 2078
1802 -3667 3030 -2656
801 580 2271 1246
633 2009 2491 2015
1872 4404 4121 4961
-2450 -2112 -2709 -1810
-3891 -1514 -4716 -1625
-3568 -3077 -3419 -4708
1095 -2178 977 -2697
-1165 58 -993 298
1607 436 1086 215
-4977 -4828 -4965 4516
1080 4499 78 3820
-4188 -3276 -4286 -3330
3493 -4770 3586 -4794
2853 4733 4208 4996
845 1822 -2575 2663
1954 -343 1520 -1238
1249 1804 -1196 -3808 128
-432 -4388 -3254 -3372
-3575 -3200 2303 -594
3806 1930 -3677 -497
-2275 -2390 1349 840
-3228 -2483 -3282 -1838
-828 -3475 3256 -2494
2599 -4394 4374 -265
3362 -1614 -1427 -3475
1943 -3768 1383 -4013
1150 3869 -1710 1163
861 -4087 1515 -4379
-3011 4371 -4230 1549
-2466 3050 -4709 1067
3567 446 4737 3051
2179 2241 -3426 -397
3844 1770 -4008 -806
-4384 -507 -3449 -4347
-3409 2602 -3207 3619
-1771 4606 -3048 450
243 -360 3648 1594
3473 -452 457 -2033
4678 4871 -1380 765
4165 -4061 3890 -4829
2850 2829 1113 2416
481 -399 978 -795
-1935 -3572 3065 -4873
728 -4764 -342 -4755
1182 3579 1757 3521
2074 1702 3062 2655
-1161 953 -3250 195
-4963 -2145 -4316 294
-4111 2283 -4973 4314
-2915 1079 -4185 -445
1278 -496 5000 958
3331 4010 -23 4990
-2865 -2899 -1947 -2595
2264 -3302 1892 -2852
-1890 3319 -1902 3241
-4828 -1658 -4588 -2315
1872 3318 1561 2873
1445 -2979 2438 -3474
442 757 1029 945
162 -1448 464 -702
-3189 448 -3412 455
-2492 -2661 1061 452
1902 -2265 3317 -1938
4193 -3282 4907 -4295
-2536 -1135 -2514 -810
4194 3438 51 719
-3927 2510 -4196 2011
-2691 -2640 -3580 -1112
-1348 -4570 -2529 -3851
-2149 -4825 -4553 -4122
4186 -680 3973 457
-3320 3310 -3317 3360
-3004 1129 -2830 1596
-3779 1246 -3695 1846
1590 1998 -3393 -166
-1158 2656 -1957 3167
-296 1880 -1259 1127
-2321 -3595 1563 -1370
-4103 -833 -685 -130
3363 -3274 4596 -383
-3758 -3065 -3397 -3941
2537 -4422 3414 -4067
-1331 -3604 3239 -2297
238 4716 210 4828
-4885 126 -4969 3420
-2929 2281 -4281 312
2378 -4697 2023 -4735
-1377 1991 -3567 -36
2647 603 1866 547
827 4639 -773 4316
-3369 -1362 -2021 -1109
2734 -3761 2994 -2825
-2057 -4032 -1608 -4352
1345 4131 -2696 1545
3568 -3933 3645 -4455
-1801 -626 -1717 -512
4458 -2489 3782 -3956
-4546 4734 -4431 4359
843 -1256 -2818 -3027
-4282 -237 -3581 -3203
-4382 -3363 -4644 -4444
3852 1155 4642 2857
-486 4500 -6 4676
4960 583 3486 -2499
3131 1928 4296 2464
-2476 -4700 -1932 -4425
-684 4539 -1804 4104
-2400 -2148 -1723 -1268
4852 3165 4583 3367
3700 73 -1008 -2571
-117 3493 1031 4283
2353 -4221 2299 -4502
-2399 -3145 -387 -2139
-1015 -4922 345 -4295
-3591 4033 -3585 3963
2824 4585 2760 4279
-3228 -634 438 545
-3991 -3263 -4016 -3733
-2542 -4649 -3376 -3813
838 96 1458 814
-4100 1905 -4715 1927
2210 -647 -2586 -2945
-669 4376 426 4623
4933 -2225 4870 -146
832 -234 1667 -287
-570 735 -1515 274
-1019 1993 -1131 1972
4226 -1301 4195 -2033
2408 230 3602 630
-203 3393 -1008 3171
2848 -4031 2949 -3975
4486 2996 4709 3073
30 3373 -2246 1971
4640 4481 4379 2852
-2397 3781 -3023 4949
-3502 -4148 -3857 -3648
-3811 -4175 -3977 -3509
-2140 2060 -2002 3820
-4581 -2837 -4884 -4920
-3084 4562 -2882 4141
-4501 -4991 -3850 -4635
-4041 1847 -2170 3456
-2684 1473 -370 2659
-280 -3896 -514 -3470
638 3399 -760 2125
1869 2147 -238 2020 93
-3982 -4386 -4351 4671
3255 -3845 2546 -2507
924 3314 -3411 4190
-2513 1592 4450 3132
289 -2565 4711 2487
3476 -388 4122 -3464
-99 -1710 3176 2811
-400 -1657 -4014 2079
-2761 -363 -3864 -3648
1618 -1764 4942 2241
2555 2042 892 640
4854 -684 4345 -2307
-2840 -3224 3761 -4579
-4774 4654 -4536 2135
-789 -2557 -2729 -1681
106 873 1260 1585
-4749 -3037 -4966 -2321
102 2246 -3068 3183
3086 -1050 222 -3545
-2413 -3912 -1322 -4332
-358 -3456 3330 1733
-3557 -4682 -2757 -4445
2727 -788 48 -3398
-2026 3275 -3955 4404
848 4490 -756 3752
-1658 -2556 -2904 -2451
-3613 -4446 -2378 -4035
-2512 3210 -3584 3817
-1318 -3641 -3839 -4090
-31 4640 -1483 3803
3100 -4361 -3084 -2892
-4601 470 -4536 -3590
-1548 4374 -3460 4210
4339 191 4261 -2566
42 -322 -441 1546
-3533 2702 -3108 1489
4083 -3193 4947 -863
2989 4633 1419 2520
-3346 -88 -3230 1139
-337 -471 -2247 579
-2713 4957 -822 4459
-1546 -4850 1734 -4624
3537 -4306 3219 -3320
3115 -2816 4644 -3897
2871 4799 -1883 4786
-4050 -1419 -3403 -1722
-2761 -2675 -1558 -3033
-2335 4079 -1219 4086
-1997 -28 -4079 -332
-2239 -3439 4748 -4778
-4341 -4251 -4436 4406
-2096 952 -653 1912
4923 -4373 4917 -4407
522 -3459 4570 -4607
2531 1111 3436 1816
1101 -3154 3526 -1168
2648 1346 3155 2327
-283 -4147 2702 -4684
-2428 2383 -2618 2461
-4936 -389 -4583 -4118
-3911 3269 -170 3108
2142 -4060 -3490 -2740
-2760 1796 -2993 2339
-175 -2601 -516 -414
-1986 -3833 -1406 -4063
-1243 -1568 -629 -1432
2907 3238 4912 4783
2481 -341 1893 -982
-3343 2152 -3816 3100
-4244 -3455 -4350 1489
2120 4458 1005 3383
-4140 1393 -3740 1648
-3775 4746 -4108 4171
-2509 -4409 800 -4643
-843 -3180 -1562 -2210
-1986 2081 -4203 3340
-2782 1527 -2823 1234
2660 2801 4139 3220
41 -631 -1032 744
-2913 4692 -3087 4640
-4705 -2258 -4836 2993
-182 -4691 -4155 -4842
4370 -3899 4425 -4469
4230 4215 4202 3337
668 -4156 39 -4060
-4175 -585 -4263 1760
-1985 3609 -711 3238
783 -3190 2285 -3687
-4886 2458 -4959 1907
2559 -2516 4007 -4022
-4816 3625 -4614 677
2917 -1677 2019 -3124
547 1739 -427 1492
3311 -2505 2641 3228 20
-2048 854 -172 2959
2213 -4938 3112 -1475
-1257 -4140 2315 619
-4398 3761 -3511 -743
-4283 -2341 -55 1674
-3886 3900 -2863 1952
4814 4043 1666 1230
-2603 3428 -435 4226
-1395 -4738 4025 -663
1576 1866 1347 1343
3138 3422 4262 3701
2296 4009 -1436 -1554
-3493 -3824 -4757 -4570
2576 4402 -2827 -4687
-2970 -3557 -2097 -893
1016 2674 -4750 -3260
-3532 -774 -2738 37
-2467 -1011 -4998 -3667
355 3720 -2979 21
1174 1247 -832 -2135
-4731 -3681 -3894 854 19
860 3072 -267 2449
2036 2782 -2481 -2859
-4133 -4389 -2973 -3977
3289 2498 2480 -4308
4826 1109 3252 -4182
-4364 -4548 1882 -3558
2368 1835 -2053 -2871
4943 4245 -3899 639
3850 -4122 -1125 -4886
-1907 -3470 -1210 -2476
-4766 4647 -3421 2954
-1819 -1650 207 1400
-4892 2366 674 4094
1345 -1807 2458 373
-2825 4129 3969 4603
-2497 2601 -386 2783
-1233 1486 -4787 -4808
119 -3727 -2849 -3943
-3337 -226 -4849 -4858
-2413 3631 4898 -2932 88
603 644 -3988 311
-390 -1064 3421 -2138
797 2228 2431 4543
-738 327 4156 -1613
-533 -463 -1961 -4611
2267 4527 -695 4759
-3504 3606 -3314 1521
-1912 1463 116 2169
-3741 -2323 -4653 506
1646 -3254 1747 -3127
-2860 -4431 -3758 -2299
3356 4984 1515 1194
-1408 1959 -1779 1759
4201 1896 4164 4743
-2315 3597 -3384 3072
1304 3198 -3929 4031
1647 1852 -842 1188
3094 -3808 -931 -3196
3343 -4546 2523 -4079
3872 -4719 4910 -4512
1807 -200 3139 2014
-3391 -2201 -1535 -111
-3954 -4994 -2037 -4111
-3432 -4374 -3627 -2812
-3394 -1595 -4261 -554
-1613 2782 -1047 2556
-88 -3792 -914 -3384
1992 434 3026 3661
1709 -1974 128 -2483
4262 -624 4843 -2212
-4121 357 -46 1866
-731 -2787 2518 -3005
4084 -3923 3462 -2499
-2426 1932 -1886 3528
-4024 2105 -4721 4522
-1050 -1714 -906 -1231
-4760 2838 -4710 -3392
3203 -601 4494 1894
-1716 4097 -2374 4561
2646 -708 3715 2762
3025 -3814 -2589 -4933
-1695 -3057 -1359 -1152
-3646 -4111 -4346 -4251
-3419 4350 -2387 4447
-179 -2676 1805 -2360
-3697 3086 -3991 732
-4828 4670 1560 4502
805 -671 -352 164
1699 4318 1593 3435
1611 594 -3647 106
-327 -2910 3287 -3042
-1591 3540 863 2843
4773 1659 4815 2180
-3676 2352 -3690 1515
474 3302 1063 3177
-673 -1560 745 -1724
-4927 2956 -4393 2955
-1640 -1116 -2949 -4142
3696 -2031 4998 -3129
-3521 -2461 -2913 -371
-3203 270 -1498 345
-1915 -2873 -2404 -3546
243 -404 1507 -1134
3621 -2363 3421 -2433
4341 4666 4162 4906
-2230 -748 -2694 -1304
-4315 -2893 -3580 -4033
-1974 3782 -3378 4157
-811 -2683 -1184 -3898
1802 1828 1055 627
-1760 1043 1080 1976
-2375 3284 -3037 3033
1438 -3044 302 -3215
-4776 -4095 -3946 -4763
-2453 2155 -3285 2951
4907 3926 4369 2443
-3690 -959 -4292 104
-1624 -1795 -1470 -1268
665 -4027 -1045 -4494
394 868 596 1424
-2125 -2178 -1433 -70
1547 -1846 -502 -2474
-2205 -2085 -2261 -1251
4765 516 3240 -1082
-4908 -4944 -4786 -1382
3160 -4641 4981 -3738
4235 1356 4727 2012
-3986 2266 -4236 933
-4829 4146 3210 -447 28
-4769 688 2947 3234
1911 -4046 2208 -4580
-654 -3055 -4395 -948
-282 -2400 -871 -4864
-4529 -179 1576 -250
-4589 -1069 -2700 -2945
-464 -1892 4906 1590
-393 -4843 3165 -297
-3290 2474 1102 2946
3364 -2640 3186 -4608
11 4950 248 3183
-1860 -74 -3298 1106
-3331 4939 -2445 3906
2330 2831 2016 201
4381 314 2629 -1034
3117 2107 4958 2245
4123 -3221 3916 -4933
-4062 4356 -4946 2521
-3391 4210 -4538 4690
-1603 -4942 -4833 -4284
-1056 -3999 -4657 -3742
-4177 2255 -257 3565
-667 1696 1310 221
852 -2984 -4204 -359
879 -4679 604 -4135
-4407 -750 -4905 849
3089 4627 3508 3934
4767 3844 -2269 1129
-3263 -2349 1195 791 6
-2958 -4425 459 -768
-2175 -2936 1399 2416
2751 4812 -4500 -64
2141 -4151 -2546 -4728
-3884 56 -3945 -4112
2817 -2420 -17 -359
-2714 -279 535 -4401 61
-1960 -2844 2663 -3855
-2979 3881 2968 4482
3936 -2293 -4939 922
-2009 -2004 4829 -2340
2236 -4773 -1255 -4028
2203 1733 1113 -98
3545 453 2957 -1766
-2536 -3546 -3196 -4908
2668 -1623 1479 -431
-2209 1101 -2120 2193
988 3103 228 283
4019 672 1880 3711
-1185 1510 2187 -1446
3639 4616 -4557 4743
-2410 -4703 -1210 -4929
-483 2680 -2733 155
3528 2289 4955 3281
-503 -2299 2883 -3455
-2027 -3399 470 -3685
4424 89 3948 -1830
-4245 -3945 -2503 -3169
-3227 -1016 -2429 -2504
-3179 -2693 -118 -2506
-4490 480 259 -1944
-3607 -3050 -4354 391
-1776 2528 -4783 4445
-4101 4073 386 3078
-4414 1272 -4688 2578
-458 -1394 206 -1602
3084 -913 1498 3870
3927 -4334 883 -4402
-2558 908 -2694 732
4884 -4078 -532 -4180
1361 -658 502 985
4761 4917 -2979 4900
4353 -4640 4046 -4183
4718 -1073 4725 -1973
-4334 -2480 -4065 -2606
1706 1460 1023 1901
-2130 2712 -3648 2252
4149 4664 2523 3195
-4843 -33 -4438 -4348
-1106 -3704 836 -3837
-2443 1186 -2669 2445
2487 -3059 3810 -2649
-602 -2922 3449 -3995
-1692 -3663 -1158 -3928
-3994 872 -3511 3550
-3925 224 -3630 228
2002 -3804 -830 -4086
-3385 -483 215 -1950
-3415 -3433 -3184 -3033
-3490 -3307 -4173 -2583
2660 -3842 2068 -3667
-1260 3892 -1171 3733
-2322 -4630 -2588 -4784
-2431 -4255 -299 -4256
-2412 -1750 -1679 -1880
-1431 3538 -2169 3689
4758 4724 4717 4759
-2784 -1214 -2408 -1450
-2448 2592 -1129 -89 149
3667 -4143 -4191 1837
3821 -4013 2807 -3278
-3034 -1413 51 -2945
-4353 926 2531 -3435
3165 -1794 2857 4337
-4416 -324 -1925 -2539
-4054 2319 -4117 3711
-3128 4039 -997 -506
4476 -4643 -2670 3899
4317 3312 4339 2457
-4862 1481 -4250 -2633
-1094 -1398 1845 -4209
-2575 2677 -2962 1367
-2261 -4849 -3816 -2823
-4878 3591 -4387 2339
722 2941 -534 2304
-2801 -2797 -939 -3197
4500 4428 3918 3939
-743 -3191 -2153 -4839
329 580 1032 854
-4496 -2434 -4310 -4976
-2094 -4084 -3023 -3665
1894 -4949 1075 -4238
-2395 991 -1525 383
1354 4639 -783 3138
3614 3725 4192 2910
-531 1385 1474 3247
3614 -3065 2925 -1157
4608 1013 3026 1660
-1085 532 631 -951
2962 -3067 -3075 4157
3670 -4305 2620 -4929
-4161 -709 -4069 -3377
4848 -3044 4057 -2880
1442 2873 516 1423
-2918 -2592 -1503 -3054
-2613 -472 445 -2191
2011 4997 2508 3334
-726 1777 -1857 4314
1500 -2212 3295 -3615
3391 -2868 1704 1002
887 1804 3091 -2371
-2504 3322 1322 -1407
-486 -2376 -2172 -832
2579 2915 1269 4310
3117 967 4350 -237
4991 1606 4329 2118
-2271 4662 -4227 4765
4333 2223 4797 2829
-4436 -4490 -4828 -1536
4609 -2032 3337 612
-1724 1523 -2362 2424
904 -4567 262 -3249
-187 4884 -4837 4822
2215 2162 2139 1333
-3982 4260 -3709 3310
-4381 -199 -4849 1982
-194 -4828 -2622 -4860
-3795 -3688 -3800 -3328
-2317 -3544 -4003 -2111
-4886 954 -4743 -714
979 117 608 37
-2764 -4348 -3205 -3812
-4029 -2622 -2751 -3342
-1721 -3996 -3435 -3235
-4259 -4816 -3518 -3531
-831 2075 1487 3897
1381 -1916 2118 -2671
-3914 4280 -3258 1777
2083 460 1488 2002
-477 -2 2435 -2606
-2642 3102 -1525 1506
-3317 1441 -2704 949
-1976 -2727 -1724 -2435
631 -4183 297 -3567
4285 -2194 4944 -2851
2384 -1287 2988 -2467
-4817 -3950 -4738 -4129
2979 136 2615 879
-2731 3500 -1552 2133
-4992 4170 -3448 4512
3435 3773 3873 1420
3033 1335 3331 -434
-3855 692 -1334 -680
3027 -2840 2173 -1614
-3109 -2092 -2274 -2726
503 -4518 -1155 -3740
-1802 -976 -4251 288
-4539 -2616 -4694 -1622
4774 -2255 4425 -1020
174 -4793 -1837 -4471
-4268 4426 -3496 4653
1879 2061 1303 2351
3463 -790 3638 -237
-936 651 -330 481
3223 -1280 3355 -723
702 -3616 -371 -2499
3976 -1051 4395 -1714
4601 3049 2763 4773
-1670 1123 1805 -2547
-491 -3876 -135 -3008
-2756 -1477 -4272 -54
-1706 -967 -3840 362
2126 1823 2303 3115
4559 4429 3624 4963
3962 2428 4147 1438
1240 -3076 4136 -4456
4578 -4831 4737 -3630
-2090 -898 893 -3497
3019 -1543 1984 1466
3421 3840 3294 3907
-4923 3828 -4834 1586
1788 -1055 4564 -4708
2243 -4477 1967 -3986
-4461 -658 -4100 -3392
-4577 -4961 -4736 -3252
3419 4402 3052 4998
-688 1808 625 2882
3696 -1857 4997 -3105
822 104 77 675
-2126 4351 -39 4334
1829 281 1506 1410
-2858 3836 -53 475
1052 -3567 990 -4189
-40 -947 -926 322
4707 -3764 3730 -3281
2894 -4645 1377 -4264
-569 -4507 -990 -4077
4234 2658 4229 2941
3104 1778 3321 3233
-1451 1575 -1564 1842
2995 -3088 2955 -3235
-4189 3494 -4401 3057
365 2619 1750 3484
-1307 -3116 -271 -2822
1136 -394 1535 -854
1346 -1343 712 -511
-2641 -4399 -3297 -3648
-4897 -2934 -4675 -3127
493 2265 -129 1164
-1751 2592 -1961 3046
1107 -2591 1124 -2596
2105 -3637 3143 -4580
1834 -2975 -2080 -29
4793 4259 4593 2801
-2587 -4589 -3291 -4082
265 3910 -1208 3244
-1324 4797 1588 4918
3032 -4011 398 -2692
4243 -4557 3380 422 32
-4991 -2196 -3925 2113
-4600 -3477 2478 2114
-1468 -4947 2364 -4499
2952 836 3817 -3829
4165 -4199 -3492 -3820
-1996 2628 839 1590
4456 1479 -3679 4373
-2082 -3380 -564 -862
-2932 736 -2193 3505
1827 -2503 3260 -1498
3549 2007 3815 2657
2297 -2545 -3548 -3716
3156 -582 3069 -919
-3347 -230 -1967 1912
-3921 402 -3776 4527
4537 4308 4981 1259
-189 -808 1361 -1903
-3812 171 -4843 -3647
4531 4511 -525 4455
-3754 -4926 -4815 -4004
-363 -875 256 -1224
1185 -3517 1581 -3590
4563 3295 4355 2493
-2015 1581 -358 463
467 -985 1542 126
-4118 -3806 -3183 -2929
505 -4116 -3444 -4277
1655 4406 3459 1851
1889 -4795 -780 -4945
-4105 327 -4099 -867
948 3323 -777 4470
-1511 -1126 2267 574
-2941 -2380 1335 -1716 18
-3565 1946 4026 697
-4071 -3174 4790 -2814
-3404 1978 1152 2184
-2450 -2850 -4802 -2181
3881 -1287 580 480
4347 -4542 -2863 -4540
16 -2534 -1092 -1959
132 -2990 -1959 -2403
4893 4221 3261 3535
2977 3226 1095 2907
461 -506 3718 -2672
-399 1612 560 1797
-2655 -4244 3634 -3882
-2099 -4911 -4848 -4132
-392 2801 1398 2597
2606 364 2212 142
-4429 3928 -4791 -801
-4353 4476 2081 3928
-4304 1325 -4763 941 131
342 -4759 -1592 823
2152 121 -1168 238
-4153 4899 -723 4657
-2728 473 -2301 -3112
2981 -689 4169 188
-1935 1031 -4283 -471
1837 -1340 1169 -1573
2020 -3214 859 -3782
1899 -3515 453 -4074
-4523 -72 -3874 -2788
-1558 -2948 -1979 -3303
-3777 -2923 -2567 -1787
4528 -3196 4844 -4413
1209 1563 540 2436
-1164 4281 -3944 2408
2611 -2013 4660 -2548
1731 4623 -2057 379
2653 3155 2738 689
4319 2944 3406 4768
-3800 -4952 -4880 1095
-3027 3634 -2854 3947
1288 1680 604 2353
397 -3378 3618 707
374 3371 -4652 110
-3970 4086 -4994 2878
-1157 4146 -2257 3050
-4942 4418 -3628 4471
-139 -4506 -1162 -2655
-3052 -4617 -2468 -3916
2113 -916 2763 83
4670 4663 3890 24
-3697 -861 -2870 -44
-3303 2178 -1668 3037
-3648 -3279 -4001 -3795
-286 -2179 403 -4693
1697 -3927 3257 -4384
-290 302 934 1289
2397 -2490 3157 -3106
4659 144 4990 -2870
1955 1347 2469 3533
-26 -2300 -920 -1005
-780 -2685 -1326 -1966
-3348 -2533 -3062 -3639
12 2520 2151 2290
-4966 -3559 -4833 -3808
-1558 367 -2135 -4143
100 -3110 925 -2191
-550 -535 1406 72
2009 4825 3738 1643
1025 -689 706 -940
-334 4622 1404 4358
-4433 813 -4674 1265
3690 -4933 674 -4869
-1811 4514 -1149 4617
4828 -4141 4741 -1845
-3694 1239 -2185 2548
-1885 2483 -214 4491
-2837 3443 -3297 3326
2500 -2234 4047 -3359
198 -2729 398 -2056
3967 3608 4077 2226
-13 -2454 1217 -1175
4678 629 3592 -1751
2997 -3017 2045 -2580
-4085 -3118 -3842 -3288
-2401 613 -2141 -3733
-34 3484 -65 4047
721 -4355 1401 -4494
-4267 3323 -2889 4663
-4182 1848 -4363 3581
-3069 4047 -2260 4756
2593 -2048 4369 -2949
-2478 1937 -3241 1433
-3621 -115 -4125 -1354
-4472 -3431 -4268 -2437
1901 -3161 2303 -1185
-1116 -4756 2283 -4772
-971 -4310 -2188 -4532
-3376 -2109 -3210 -906
-3045 4764 -4914 4428
1778 -925 -506 -981
-4193 1146 -4622 3201
2424 961 1878 447
-3177 3864 -3181 3920
1604 1213 1263 486
-4385 669 -4148 823
-2804 -2561 -2867 -3572
994 -4850 -2740 -4835
-2681 -4868 -2997 -4746
3027 -2652 4497 -4628
-4350 46 -3634 370
-637 -4058 -2892 -4444
-4985 1896 -4641 706
-4489 -1572 -4505 -2395
782 -3731 1039 -3536
3605 -3786 4568 -4732
4878 3132 4934 1049
-2516 1354 -2715 1136
-3283 1733 -3907 1921
-658 -4864 375 -4917
-3481 253 -1400 1895
-4606 -4578 -4807 -3271
-2782 -4247 -2579 -3605
2958 -1878 4900 1010
-4656 -2641 -4491 -4048
-185 -3280 131 -4220
-754 4119 -1174 3540
4398 -3673 4584 -2731
-4179 1466 -3892 1692
-3110 -4674 -3928 -3849
-3865 3270 -4179 2194
-3289 1905 -1837 2846
3003 -3886 1498 -3692
4590 -2225 4064 -2106
4803 1201 4792 1385
-2129 -1945 -2128 -2310
1615 -1195 3310 1247
1831 2580 2173 2854
3051 3381 4036 1080
-2518 -1413 -3638 -2592
-3820 1319 -4239 795
1924 -1097 2747 212
1752 -4363 2922 -4730
-4138 2607 -4104 3143
-3194 -593 -3885 -3037
-1109 -4924 -2704 -4902
-1735 -1352 -1555 -1361
4034 -4394 4096 -4363
-545 3846 -1915 1942
-296 2900 -664 2520
-313 -4122 -1251 -461
4519 -2318 84 -1436 65
-2697 2924 -3015 -1538
2871 -1313 2150 -4377
-3560 -3536 -3381 1155
-3226 -2763 779 1065
4161 1335 -1312 -3585
602 3826 -3656 3154
-296 3445 3392 857
-4280 2660 -4840 3702
1083 -1162 -3840 -4587
-2393 -4985 1850 -4235
-2358 -2583 1277 -657
1093 4646 4951 3055
-2363 -3653 -767 -2990
550 -3384 -860 -3843
-2827 3686 1514 4458
-418 -3430 -3505 -5000
-1542 1093 -2320 -1275
2279 -4044 4598 -2224
-825 23 -572 2153
3349 -3016 3499 -2631
4968 4461 4978 3226
1459 1768 2292 762
2611 -1476 -1544 -3780
-4636 -3244 -4466 1840
1870 3994 4073 1442
4428 -3873 4096 -3079
-3177 2634 -4159 -3640
3947 -3931 3229 -4384
-324 -2756 4753 370
-3518 4612 842 4574
1219 -1269 3865 1268
-4980 148 -4894 454
1042 4105 -3790 3247
-2808 -1698 -2930 -2397
-1473 3056 -2847 -720
853 -3250 1217 -3256
2282 -4351 2285 -4252
4479 -3293 4822 -1365
1302 1513 -2624 -2826
-4241 -4429 -3761 -3591
1363 -746 358 -1355
665 827 -3997 -4079
-4120 1517 -4592 -3058
-2018 4475 -4246 3145
-4421 -1633 -4122 -4130
-2723 2919 -3277 1652
-4687 -2229 -4670 -819
-4352 -3320 -4506 -2992
-4539 -4885 -1143 -2544
-149 4883 4556 4835
4534 -160 4905 -278
-2976 -4969 -955 -4355
-1125 -504 -3263 -1966
449 -1992 4261 1427
-4794 -4976 -4185 1421
3371 -1697 3058 -771
1367 -3721 1618 -3142
3635 -822 4509 -544
4923 1400 3145 -520
-764 3048 320 2514
-1557 -4157 1954 -2061
-4156 -4455 -2245 -2629
-4650 2422 -4891 -911
3097 582 1740 137
2286 2913 1498 4016
-3337 4758 -3853 4627 127
-4151 2390 724 2090
-3481 -4399 1003 554
-2768 -2377 -1737 -1865
3499 2208 4078 -757
-3422 -3818 3965 4651
4214 -4875 1623 1964
-3481 43 -3676 1439
595 -309 -1267 -2900
2941 1251 4504 3945
2900 -3253 357 -2354
3383 -3271 -2408 -3714
-2627 659 -4919 -4294
-1496 4873 -2236 2788
-4512 4085 -3702 3787
559 -4143 371 -4440
-2272 -363 -4274 -4853
872 4630 -1454 4340
385 -2995 -48 -2930
-4058 -4685 2921 -4723
-2556 -299 -1416 1543
-1335 2804 -336 2309
-3944 -4437 -3809 -4172
4626 2148 4062 2466
-3605 -4549 -1088 -3651
-3441 2106 -2369 561
-168 -2804 18 -2019
3969 164 4686 1806
-2412 3516 -1764 4781
-4025 3278 -3485 3016
-383 2212 2334 3041
-2633 -334 -3327 -2306
-4239 4073 -2913 4518
-4839 -4648 -3684 -3055
3630 -3493 87 -3627
3646 -3313 2303 2195
1544 -3717 -1537 -4321
-715 -1991 -2696 -3953
3400 -2257 3546 1871
2360 -1607 1154 337
-4592 -1331 -4173 -1225
-1050 4267 2634 3504
1070 -265 533 -1646
-4998 3696 -4827 -575
4566 -2256 4106 -600
3556 1755 3886 -464
4684 2236 4483 4734
-2949 -2498 -1926 -313
-4624 -246 -4599 2868
-3030 -2712 -2639 -2503
614 -4723 1125 -4950
-4421 -786 -3547 -897
-4077 1560 -4425 2915
4673 4267 4815 4015
49 956 -1231 -1143
-350 2137 -1065 704
4601 -4986 4203 -2526
4531 1402 4779 1318
2567 -4410 3570 -4298
3208 -4644 764 -4692
3950 1321 3877 2808
226 605 948 1790
-4913 1836 -4623 2360
-3025 1309 -3159 -342
4139 137 4187 314
2499 -2494 1906 -1980
4164 3562 3792 2836
1416 -1489 2985 -2552
-1949 4875 -484 4973
-1357 -4909 -1033 -4924
-3211 -2271 -2344 -461
-3905 -2678 -4954 -4495
787 341 1667 1797
2473 4276 3103 4768
4707 -3939 4118 -1832
-4653 -1631 -4752 1788
-3078 4481 -4940 4487
-2012 -4047 -3027 -4460
-3011 -4058 -672 -1366
-3485 2482 -1061 2568
-3578 1939 -2602 870
4256 1528 4335 1456
-498 4965 -100 4773
2668 -238 2626 -528
-3380 2809 -3370 2984
-4236 1725 -4013 -543
2612 3458 -1356 3459
4968 475 4937 -2639
1274 -1478 1700 -1905
354 2925 1840 3206
-1693 1760 -3912 -2787
-4274 -2802 -4937 -3468
-3039 3093 -3369 3606
-4150 4074 -3099 3785
2283 120 2127 -184
1155 1248 -518 -838
-446 -961 -3591 -4396
2189 -4039 2229 -3759
2416 -221 1881 -640
1783 -4042 2864 -4551
-4076 -4290 -2426 66
4935 -2841 3943 -1579
-2975 -4456 1694 -4597
-3011 3592 -2670 2584
-2137 -1120 -1217 612
-1874 3035 -96 2318
727 146 1087 -178
-2862 -2161 -3196 -3255
-3031 -3944 1097 576
3959 -4274 3231 -4813
-3970 2131 -4047 1833
1273 1482 -3887 -4501
-4013 -1412 -4571 -1591
3597 -3201 2202 562
-228 843 -942 -224
-3497 -2624 -4199 -3530
-2884 3627 -1885 4800
-1082 -565 -2358 -1945
-4563 -1835 -4804 -2571
-126 4223 1120 4631
-710 397 -235 977
-4768 339 -4735 -348
176 -3515 2674 -3245
193 2415 -667 3280
2692 -2628 782 -1752
-1486 4954 -4570 4746
-3878 -4199 -4054 -4636
-2650 783 -2401 310
1660 3098 -3309 -3981 95
-2514 -2697 2569 -2439
3172 909 4053 -1719
3901 -3409 3259 -921
-1296 4281 4737 1461
-2380 4074 -742 3513
-4881 -2897 4093 -4499
1597 1070 -684 -108
-1567 4223 -1063 4897
2890 -4676 -4011 -4590
-612 -2258 -4516 2177
1260 2836 4097 -19
-2797 1425 1589 -2327
2492 2598 1826 4020
-3634 3665 -3253 1634
-2047 -4168 1022 -4612
-3045 -639 -3777 497
-2249 2399 -66 3329
-4608 1547 -2363 -2465
1372 1560 -1927 1405
-4858 4400 -4886 -3681
2092 -4619 -769 -4219
-3529 -3619 -2565 -3894
4709 -4435 2754 -2619
2626 -3297 3945 -4404
4329 -3786 4486 741
-4280 -600 -4578 -1479
-3610 2722 -4174 2389
3229 -3431 1980 -2969
2392 4422 4869 1791
-3577 3256 -4004 4276
-335 1091 372 531
668 -4500 -3922 -3793
-1884 4818 -2019 4699
2016 1313 1392 2286
1490 2373 4322 -2314
-1581 -2706 -823 -3215
-4425 -1150 -2743 -2482
807 -4766 4372 -4782
3175 1406 1454 2821
1105 2553 1800 1449
-3331 -2425 -3914 -2818
1956 980 2058 -1796
1444 -3258 2234 -4078
-4801 2185 -1808 -1176
2284 -2324 1052 -1572
-4104 -4628 -4295 -3688
-4083 2279 -588 -2150
-180 -1009 -1198 -483
2558 -3005 2756 -2513
-4160 4940 -116 3371
3989 1646 3874 1499
655 1590 157 3299
4080 4183 4015 2706
-2979 -2590 571 -2213
-2559 -3188 -2857 -3170
1726 -2836 1935 -2985
1014 2854 1189 1680
4848 4807 4736 2243
-1046 3533 -3052 3731
3677 -3185 3209 -872
-3705 103 -4058 1230
329 -3261 -158 -3032
-4410 2828 -4612 2724
-4290 -4334 -4237 -4600
-4840 1232 -4785 3877
2978 -561 2872 -2580
-91 -382 788 -279
-3253 2328 -2081 2860
384 -3205 633 -2734
-3257 -1330 -4283 -818
-2858 -3347 522 -4203
195 4700 1511 3420
2686 -4586 3110 -4751
-1685 -3763 -271 -4081
-2874 -3267 4685 -4688
-3441 -4534 -2406 -4291
3039 -1957 2976 -677
1157 4855 1362 3960
3738 -3639 2458 -3097
-2795 4112 -2395 3679
-4258 -223 -4702 1379
-2330 3031 -3221 3694
-2784 617 -1355 -1194
-589 4754 -1093 4203
-4628 -4877 4237 -4938
-2218 2780 -2768 2077
-3061 -3722 2023 -4459
-2581 1438 421 1098
832 -2648 1061 -2665
-901 -1026 -358 -2163
-4992 3868 -4999 3423
2073 -4277 1270 -4061
3809 4698 1490 4366
-2923 475 -4588 2299
2447 -3232 2832 -3664
3145 564 -2743 -4808 150
-3235 -1501 20 -3574
-3361 1953 -3732 4998
-4406 -3898 -3261 1633
3771 -3403 2467 -851
584 2395 2261 -957
3588 -2133 3719 -413
-1451 -876 2645 -1803
-2709 -2294 -2769 -4487
-1475 -999 -2678 2826
-2446 4592 -2182 1259
-2241 -3179 1179 -4696
1654 3029 260 3397
-463 3111 1257 -868
3081 -3557 -1154 -1442
118 3459 3760 1752
1183 -2110 -1931 -961
4393 -4182 -1479 -2604
-1831 -575 -3815 2513
-572 4353 -511 613
-2858 -3349 -3323 -3133
-3038 -1565 -665 -2313
-4087 1227 -4662 -2553
3259 -3900 -733 -2877
-4790 -2935 -3851 4088
-3828 -732 -3937 1533
-2298 -216 -1494 -988
-3817 -2671 -2905 -4262
3130 4422 3040 4521
3561 -34 4805 -602
1022 -2337 3440 -3517
1592 -1542 -1177 1169
-1312 2837 -1584 4351
-2519 -4966 4754 -4727
4016 2090 4135 3916
2890 1981 791 2247
-4827 -428 -4675 1646
3921 -1921 4558 -2675
1201 4570 -409 3210
2406 3899 4561 4258
-3806 -2180 -2184 -2332
-1040 3834 -1445 1205
1255 -3198 12 -2956
-1384 3183 -2251 4669
4409 1919 2990 1181
-4734 -4162 -3492 526
350 -4281 -737 -3597
-4897 4427 -4909 -3549
4853 4189 3280 4903
91 -2594 -2348 -1088
-2977 -3682 -3276 -3272
-3852 3982 -4905 -4468
-415 -4653 -2713 -4059
3139 1266 2161 1182
-3386 -4071 -2570 -4686
65 -3940 -539 -3508
4335 1630 3062 -90
-3802 -4577 -3793 -2832
3759 1829 3656 3033
2929 -2036 1196 -607
4364 -726 4764 -1496
2416 -376 1203 1554
4334 -4555 756 -4041
-3457 4333 -2886 2529
-1078 -2466 -373 -2858
2344 -2889 2955 -2944
-2209 -1890 -3032 -1589
3853 -851 4161 -1283
-2263 -4905 -3319 -4052
4100 -4328 -184 -3689
4305 473 4648 3630
2799 418 2113 525
2722 4900 343 4541
3293 293 2620 472
-3129 994 -4131 -2844
4779 2238 4981 3204
2982 -1435 3502 -940
-4449 4739 -4450 1381
-1851 1855 -2326 3164
4686 -1871 4480 -4162
247 3024 2847 -1746
2347 -3405 -3060 -525
821 1262 769 460
-4793 572 -4850 992
-577 2298 -1423 1023
2870 -3842 3351 -4089
1198 3246 3670 2752
-3577 -4115 -3539 -3687
-4725 374 -4944 -4624
-3137 -2515 -2923 -2599
-4566 3676 -4540 -15
-3738 3224 -4125 1432
1757 -3845 4892 -4426
2041 2587 3077 2290
773 -3115 2941 -3666
-3872 3540 -3931 3086
1580 4165 1187 4025
1398 2103 3389 -2456
831 496 1196 853
560 2412 1855 -531
1929 4779 3023 4678
-765 401 -921 -778
-1416 1431 -2017 1795
775 3664 1744 4026
-3348 3304 -2947 2169
-4649 4384 -4482 4933
1248 3184 706 3579
479 588 -501 805
-3167 3340 -2109 64
401 -759 160 -268
-2362 2913 -3245 4545
4944 4071 4572 2297
-998 2183 -1175 1547
4819 1364 4842 -3696
-3902 -2474 -3871 -3466
-3322 4466 -3028 3574
4544 -537 3737 -527
-3939 -4717 -2799 -4739
-1088 4914 -1953 4521
4246 -4574 -988 -4796
-3290 -4761 -4502 -4916
-3468 -1329 -2060 -2392
208 -1960 701 -1973
-1953 -2796 408 -4194
-720 4795 -709 4874
2094 1368 2382 1898
3974 934 4417 -326
-2644 -3559 74 -4678
-4541 -4856 -3967 -3167
-2687 624 -3120 -260
-1959 3764 -2449 4999
33 -3516 -769 -2899
-1993 -4464 -864 -4674
4735 -2593 4755 -2098
-783 427 -1739 1003
-2196 -4951 -2751 -4428
-3854 934 -3790 821
-1515 -3917 -919 -3820
368 2072 -211 3058
-4759 1033 -4767 4360
1721 3805 1981 3618
-335 -36 -562 436
1022 -4131 1865 -4318
2905 -671 2721 -346
2467 -3645 3191 -3683
2999 -1534 3201 -1317
-413 3402 -287 3815
1820 1260 2267 1121
-4370 931 -3960 4225
-2069 -4998 4975 -4825
1585 -4938 4221 -4879
-5000 -5000 5000 5000 0
0 0 0 0 0
