3 3
1 0 0
0 1 0
0 0 1
3 5 7

3 3
2 1 1
0 -1 -1
0 0 -1
4 -2 -1

3 3
2 1 1
4 1 1
-2 2 1
4 6 1

3 3
1 0 0
0 0 0
0 0 0
3 5 7

3 3
1 2 3
4 5 6
7 8 9
6 15 24

3 3
0 0 0
0 0 0
0 0 0
0 0 0

3 3
4 5 2
3 3 2
2 2 2
42 27 33

3 3
3 1 1
2 -1 -1
-4 1 -5
20 -15 -41

3 3
2 -1 3
4 2 -1
1 -1 2
0 0 0

3 3
2 3 4
1 -2 3
3 1 6
27 15 40

3 2
2 1
1 3
1 5
4 2 2

3 2
2 1
1 3
1 5
4 2 1

3 2
2 1
1 3
1 5
3 4 6

3 2
2 1
1 3
1 5
3 4 5

2 3
1 1 1
1 2 3
3 6

1 1
1.000000000000000000000000000000
1 

2 2
1.000000000000000000000000000000 0.500000000000000000000000000000
0.500000000000000000000000000000 0.333333333333333314829616256247
1 0

3 3
1.000000000000000000000000000000 0.500000000000000000000000000000 0.333333333333333314829616256247
0.500000000000000000000000000000 0.333333333333333314829616256247 0.250000000000000000000000000000
0.333333333333333314829616256247 0.250000000000000000000000000000 0.200000000000000011102230246252
1 0 0

4 4
1.000000000000000000000000000000 0.500000000000000000000000000000 0.333333333333333314829616256247 0.250000000000000000000000000000
0.500000000000000000000000000000 0.333333333333333314829616256247 0.250000000000000000000000000000 0.200000000000000011102230246252
0.333333333333333314829616256247 0.250000000000000000000000000000 0.200000000000000011102230246252 0.166666666666666657414808128124
0.250000000000000000000000000000 0.200000000000000011102230246252 0.166666666666666657414808128124 0.142857142857142849212692681249
1 0 0 0

5 5
1.000000000000000000000000000000 0.500000000000000000000000000000 0.333333333333333314829616256247 0.250000000000000000000000000000 0.200000000000000011102230246252
0.500000000000000000000000000000 0.333333333333333314829616256247 0.250000000000000000000000000000 0.200000000000000011102230246252 0.166666666666666657414808128124
0.333333333333333314829616256247 0.250000000000000000000000000000 0.200000000000000011102230246252 0.166666666666666657414808128124 0.142857142857142849212692681249
0.250000000000000000000000000000 0.200000000000000011102230246252 0.166666666666666657414808128124 0.142857142857142849212692681249 0.125000000000000000000000000000
0.200000000000000011102230246252 0.166666666666666657414808128124 0.142857142857142849212692681249 0.125000000000000000000000000000 0.111111111111111104943205418749
1 0 0 0 0

6 6
1.000000000000000000000000000000 0.500000000000000000000000000000 0.333333333333333314829616256247 0.250000000000000000000000000000 0.200000000000000011102230246252 0.166666666666666657414808128124
0.500000000000000000000000000000 0.333333333333333314829616256247 0.250000000000000000000000000000 0.200000000000000011102230246252 0.166666666666666657414808128124 0.142857142857142849212692681249
0.333333333333333314829616256247 0.250000000000000000000000000000 0.200000000000000011102230246252 0.166666666666666657414808128124 0.142857142857142849212692681249 0.125000000000000000000000000000
0.250000000000000000000000000000 0.200000000000000011102230246252 0.166666666666666657414808128124 0.142857142857142849212692681249 0.125000000000000000000000000000 0.111111111111111104943205418749
0.200000000000000011102230246252 0.166666666666666657414808128124 0.142857142857142849212692681249 0.125000000000000000000000000000 0.111111111111111104943205418749 0.100000000000000005551115123126
0.166666666666666657414808128124 0.142857142857142849212692681249 0.125000000000000000000000000000 0.111111111111111104943205418749 0.100000000000000005551115123126 0.090909090909090911614143237784
1 0 0 0 0 0

7 7
1.000000000000000000000000000000 0.500000000000000000000000000000 0.333333333333333314829616256247 0.250000000000000000000000000000 0.200000000000000011102230246252 0.166666666666666657414808128124 0.142857142857142849212692681249
0.500000000000000000000000000000 0.333333333333333314829616256247 0.250000000000000000000000000000 0.200000000000000011102230246252 0.166666666666666657414808128124 0.142857142857142849212692681249 0.125000000000000000000000000000
0.333333333333333314829616256247 0.250000000000000000000000000000 0.200000000000000011102230246252 0.166666666666666657414808128124 0.142857142857142849212692681249 0.125000000000000000000000000000 0.111111111111111104943205418749
0.250000000000000000000000000000 0.200000000000000011102230246252 0.166666666666666657414808128124 0.142857142857142849212692681249 0.125000000000000000000000000000 0.111111111111111104943205418749 0.100000000000000005551115123126
0.200000000000000011102230246252 0.166666666666666657414808128124 0.142857142857142849212692681249 0.125000000000000000000000000000 0.111111111111111104943205418749 0.100000000000000005551115123126 0.090909090909090911614143237784
0.166666666666666657414808128124 0.142857142857142849212692681249 0.125000000000000000000000000000 0.111111111111111104943205418749 0.100000000000000005551115123126 0.090909090909090911614143237784 0.083333333333333328707404064062
0.142857142857142849212692681249 0.125000000000000000000000000000 0.111111111111111104943205418749 0.100000000000000005551115123126 0.090909090909090911614143237784 0.083333333333333328707404064062 0.076923076923076927347011633174
1 0 0 0 0 0 0

8 8
1.000000000000000000000000000000 0.500000000000000000000000000000 0.333333333333333314829616256247 0.250000000000000000000000000000 0.200000000000000011102230246252 0.166666666666666657414808128124 0.142857142857142849212692681249 0.125000000000000000000000000000
0.500000000000000000000000000000 0.333333333333333314829616256247 0.250000000000000000000000000000 0.200000000000000011102230246252 0.166666666666666657414808128124 0.142857142857142849212692681249 0.125000000000000000000000000000 0.111111111111111104943205418749
0.333333333333333314829616256247 0.250000000000000000000000000000 0.200000000000000011102230246252 0.166666666666666657414808128124 0.142857142857142849212692681249 0.125000000000000000000000000000 0.111111111111111104943205418749 0.100000000000000005551115123126
0.250000000000000000000000000000 0.200000000000000011102230246252 0.166666666666666657414808128124 0.142857142857142849212692681249 0.125000000000000000000000000000 0.111111111111111104943205418749 0.100000000000000005551115123126 0.090909090909090911614143237784
0.200000000000000011102230246252 0.166666666666666657414808128124 0.142857142857142849212692681249 0.125000000000000000000000000000 0.111111111111111104943205418749 0.100000000000000005551115123126 0.090909090909090911614143237784 0.083333333333333328707404064062
0.166666666666666657414808128124 0.142857142857142849212692681249 0.125000000000000000000000000000 0.111111111111111104943205418749 0.100000000000000005551115123126 0.090909090909090911614143237784 0.083333333333333328707404064062 0.076923076923076927347011633174
0.142857142857142849212692681249 0.125000000000000000000000000000 0.111111111111111104943205418749 0.100000000000000005551115123126 0.090909090909090911614143237784 0.083333333333333328707404064062 0.076923076923076927347011633174 0.071428571428571424606346340624
0.125000000000000000000000000000 0.111111111111111104943205418749 0.100000000000000005551115123126 0.090909090909090911614143237784 0.083333333333333328707404064062 0.076923076923076927347011633174 0.071428571428571424606346340624 0.066666666666666665741480812812
1 0 0 0 0 0 0 0

0 0
