4 2
6 8 5 9
2 1 1 3 5
1 3 1 2 3

2 4
2 1
2 1 4
2 3 3
4 1 5
1 5 1

3 2
2 -6 0
-1 -1 -1 -2
2 -1 1 1

3 2
-1 -3 -1
2 -5 1 -5
2 -1 2 4

2 3
1 3
-1 -1 -3
-1 1 -1
1 2 4

2 3
1 3
-1 -1 -3
-1 1 -1
1 2 2

2 3
1 3
-1 -1 -3
-1 1 -1
-1 2 2

2 8
3 2
1 -2 1
1 -1 2
2 -1 6
1 0 5
2 1 16
1 1 12
1 2 21
0 1 10

3 3
-2 -3 -4
0 2 3 5
1 1 2 4
1 2 3 7

4 2
6 8 5 9
1 1 1 1 1
-1 -1 -1 -1 -1

6 6
1 8 9 2 7 3
-1 -1 -1 0 0 0 -1
-1 0 0 1 1 0 0
1 0 0 -1 -1 0 0
0 -1 0 -1 0 1 0
0 1 0 1 0 -1 0
0 0 1 0 1 1 1

4 3
10 -57 -9 -24
0.5 -5.5 -2.5 9 0
0.5 -1.5 -0.5 1 0
1 0 0 0 1

2 1
1 3
-2 0 -5

3 2
4 1 3
1 4 0 1
3 -1 1 3

2 3
-1 -3
-1 -3 -4
-4 1 -1
0 -1 -3

2 2
 2 -1
 1 -1  1
-1  1 -2

2 3
-1 -1
-2 -1 4
-2 4 -8
-1 3 -7

2 6
-1 -2
-2 7 6
-3 1 -1
9 -4 6
1 -1 1
7 -3 6
-5 2 -3

6 2
3 -6 -1 -6 1 -6
-2 3 1 4 -1 -7 2
5 -7 -1 -9 3 2 1

2 3
4 3
1 -1 1
2 -1 3
0 1 5

3 2
-6 32 -9
-2 10 -3 -6
1 -7 2 4

3 3
5 4 3
2 3 1 5
4 1 2 11
3 4 2 8

2 3
-2 3
-1 1 -1
-1 -2 -2
0 1 1

4 3
1 2 1 1
2 1 5 1 8
2 2 0 4 12
3 1 2 0 18

2 4
-1 1
-1 1 5
1 -2 9
1 0 6
0 1 8

8 12
-3 -1  1  2 -1  1 -1 -4
 1  0  4  1 -5 -2  3 -6  7
-1  0 -4 -1  5  2 -3  6 -7
 0  1 -3 -1  4  1 -2  5 -3
-0 -1  3  1 -4 -1  2 -5  3
 1  0  0  0  0  0  0  0  8
 0  1  0  0  0  0  0  0  6
 0  0  1  0  0  0  0  0 10
 0  0  0  1  0  0  0  0 15
 0  0  0  0  1  0  0  0  2
 0  0  0  0  0  1  0  0 10
 0  0  0  0  0  0  1  0  4
 0  0  0  0  0  0  0  1  3

5 5
0 0 0 1 -1
0 -1 2 1 -1 0
3 0 -4 1 -1 0
-5 6 0 1 -1 0
1 1 1 0 0 1
-1 -1 -1 0 0 -1

7 6
0 0 0 0 -1 -1 -1
0 0 -1 1 -1 0 0 -1
-2 2 -1 1 0 -1 0 -2.5
-4 4 -1 1 0 0 -1 -3
0 0 1 -1 -1 0 0 1
2 -2 1 -1 0 -1 0 2.5
4 -4 1 -1 0 0 -1 3

14 14
-48 -28 -10 -7 -65 -7 -38 -15 -56 -48 -108 -24 -33 -19
-1 -1 -1  1  0  0  0  0  1  0  0  0  0  0  0
 1  1  1 -1  0  0  0  0 -1  0  0  0  0  0  0
 
 0  0  0 -1 -1 -1  1  0  0  1  0  0  1  0  0
 0  0  0  1  1  1 -1  0  0 -1  0  0 -1  0  0
 
 1  0  0  0  1  0  0  0  0  0  1  0  0  0  6
-1  0  0  0 -1  0  0  0  0  0 -1  0  0  0 -6

 0  1  0  0  0  0 -1 -1  0  0  0  0  0  0  6
 0 -1  0  0  0  0  1  1  0  0  0  0  0  0 -6
 
 0  0  1  0  0  1  0  1  0  0  0  0  0  1  2
 0  0 -1  0  0 -1  0 -1  0  0  0  0  0 -1 -2
 
 0  0  0  0  0  0  0  0 -1 -1 -1 -1  0  0 -9
 0  0  0  0  0  0  0  0  1  1  1  1  0  0  9
 
 0  0  0  0  0  0  0  0  0  0  0  1 -1 -1 -5
 0  0  0  0  0  0  0  0  0  0  0 -1  1  1  5

12 16
 0 -3  0 -1 -1 -3 -2  0 -1 -4 -1 -2
 1 -1  0  0  0  0  0  0  0  0 -1  0 -2
 0  1 -1  0  0  0  0  0  0  0  0  1 -1
-1  0  1 -1  0  0  0  0  0  0  0  0  2
 0  0  0  0  0  0 -1  0  0 -1  1  0 -6
 0  0  0  0  0 -1  1  0  0  0  0 -1  1
 0  0  0  1  1  0  0  0 -1  0  0  0  0
 0  0  0  0  0  0  0 -1  1  1  0  0  3
 0  0  0  0 -1  1  0  1  0  0  0  0  3
-1  1  0  0  0  0  0  0  0  0  1  0  2
 0 -1  1  0  0  0  0  0  0  0  0 -1  1
 1  0 -1  1  0  0  0  0  0  0  0  0 -2
 0  0  0  0  0  0  1  0  0  1 -1  0  6
 0  0  0  0  0  1 -1  0  0  0  0  1 -1
 0  0  0 -1 -1  0  0  0  1  0  0  0  0
 0  0  0  0  0  0  0  1 -1 -1  0  0 -3
 0  0  0  0  1 -1  0 -1  0  0  0  0 -3

4 4
7 -3 9 2
1 1 0 0 1
0 0 1 1 1
-1 0 -1 0 -1
0 -1 0 -1 -1

0 0

