0 2
1 2
2 2
3 2
4 2
5 2
6 2
7 2
8 2
9 2
10 2
1000000000000000000000000 2
1000000000000000000000000 3
1000000000000000000000000 4
1000000000000000000000000 5
1000000000000000000000000 6
1000000000000000000000000 7
1000000000000000000000000 8
1000000000000000000000000 9
1000000000000000000000000 10
1000000000000000000000000 11
1000000000000000000000000 12
1000000000000000000000000 13
1000000000000000000000000 14
1000000000000000000000000 15
1000000000000000000000000 16
1000000000000000000000000 17
1000000000000000000000000 18
1000000000000000000000000 19
1000000000000000000000000 20
1000000000000000000000000 21
1000000000000000000000000 22
1000000000000000000000000 23
1000000000000000000000000 24
1000000000000000000000000 48
-1000000000000000000000000 3
-1000000000000000000000000 5
-1000000000000000000000000 7
-1000000000000000000000000 9
-1000000000000000000000000 11
-1000000000000000000000000 13
-1000000000000000000000000 15
-1000000000000000000000000 17
-1000000000000000000000000 19
-1000000000000000000000000 21
-1000000000000000000000000 23
